12383
678
11122
3189
11560
10208
2285
916
11662
5445
3226
15226
12071
3610
10928
2462
15024
14596
4033
5223
7336
9992
10865
1597
6417
13163
11971
1738
11506
5736
2046
11470
2269
9987
8306
5870
13312
4411
7447
4510
8330
7325
9385
10152
6191
10518
14022
12157
10775
14104
5255
683
5071
4552
13359
1988
10827
6887
1537
14477
6076
2566
14774
14104
11697
13601
9027
12896
3664
14613
823
9376
1385
11689
14730
4756
9358
9389
9748
5656
6700
14935
606
12869
2962
8993
8584
11584
2666
12267
7823
14224
15004
3330
106
9726
10528
6284
5485
8414
5899
9919
8703
12970
10883
6735
2236
1885
2702
1678
10130
975
11338
14234
927
939
13473
10953
5274
13103
5675
13421
14528
10962
11445
13062
93
5370
12421
12236
6088
7193
12714
12284
5185
6498
7974
10714
7323
7523
6867
15221
398
9625
4779
4009
15366
6534
11854
11508
4617
13796
7794
11079
5731
935
862
14000
5425
7787
4577
3368
11701
14533
11792
3276
13515
4671
11971
7340
14757
916
560
11720
10462
8785
4321
2039
6856
9816
197
14484
12020
1944
10886
12885
11365
2115
6927
8131
892
12176
11769
12292
2480
566
13126
8309
12984
13943
4391
5009
8093
8673
8209
1892
12305
10148
708
14760
1583
5511
4023
6165
2555
7288
15240
14014
13055
13659
14349
12423
15140
9874
11492
2370
15043
11286
854
2776
9555
1686
5887
13924
7013
2700
704
15338
2960
5260
4037
6454
10421
2842
3835
5016
8841
10143
7602
65
6172
3769
3828
1794
10659
14417
14790
3139
10651
3146
2368
14572
10238
7782
13795
11670
12026
7669
11530
1718
5544
8065
5230
5158
2540
7807
2174
255
6971
3978
6881
11186
9024
15139
11275
1363
9727
6494
10750
11571
6012
8565
9115
10621
7986
7698
5398
12435
15350
4091
6727
4434
14637
5083
7330
1688
1562
217
14987
5518
1643
6201
14358
12151
11083
5604
1282
9888
5173
7722
314
8196
2135
272
2205
5648
13677
3438
13479
14706
11762
6549
8035
9625
2056
235
15347
1767
14533
14669
1268
179
9178
13649
1269
1152
688
2456
6669
3904
9075
4555
2853
10285
14516
4315
8843
2514
3023
6998
8740
8538
836
808
10017
12814
12167
10066
10614
7553
11979
10280
7159
5599
604
15103
4844
2537
3142
43
2216
7200
6740
9041
1409
6929
11947
11072
1721
4659
10349
714
7106
14016
667
5976
7319
2886
6012
13089
6240
7048
10748
4847
5734
4666
6088
12180
14535
13217
3165
10266
1216
14126
2314
13875
7304
13491
586
6484
9558
9937
6265
782
6668
11286
11279
10861
15296
6275
14450
13292
3382
3201
7326
3194
6377
13574
613
377
946
4383
12871
12413
2561
14934
882
907
13069
13132
6209
632
3673
8625
14907
11645
13626
12082
3835
2880
2916
906
12445
5135
14586
6005
9414
13495
9920
749
664
549
9000
5706
1922
6087
9931
14833
3395
2030
2182
6967
9661
11153
11477
14019
655
7993
11727
9867
7134
4901
6394
5854
3454
12231
11035
12487
3047
1208
12487
16
7408
15365
3510
14599
9758
14349
13605
13878
12305
7003
811
11469
2399
1544
2981
12341
1378
1520
2056
12144
7565
5273
12368
8080
5328
8291
3600
756
217
8841
985
14243
5358
4591
12568
588
4421
6215
2945
4772
8296
2970
2870
12318
11709
11901
5946
2600
14576
5662
10964
9759
10198
2524
9315
12375
998
12725
12687
14466
14547
11532
2083
3144
5306
1991
8861
13518
7099
11524
7208
6547
10005
9332
3173
8257
4190
11892
11267
3697
11355
14041
4997
8256
5083
6363
2925
12475
12648
14049
13633
3930
6187
10927
14557
3499
11015
12572
1786
7797
8744
6228
8827
8169
15103
632
8793
9868
14105
3319
12965
4259
1097
2507
10963
2795
9296
7671
2559
11271
8190
2930
8239
6323
6667
14595
11851
1358
14167
7390
9849
3239
7624
1916
1840
1626
6613
14795
2334
2781
13610
6209
9139
12090
8294
4618
10445
13937
12582
1956
5982
14690
6578
10215
13309
12969
3408
1982
11769
10726
460
10346
3620
2733
12778
8241
14191
9018
7959
5283
477
4709
10749
5540
3006
6920
6817
5304
2788
11900
9765
1384
6362
8969
9954
3896
9605
89
7505
10239
7286
4997
10458
10217
8837
13756
178
3920
1183
12993
3753
7920
6670
6217
11567
8185
8058
3101
700
1546
1898
4629
202
172
11229
9861
5151
14585
9545
5255
5984
8441
5471
11997
12617
11126
5759
2369
11206
6431
5992
5759
14162
10095
6845
2442
851
2521
10815
8242
6310
12336
14543
7489
6455
2560
7165
7655
2200
3546
9609
2557
5613
10724
8622
12195
11464
2316
11712
14507
6095
2272
1328
7709
3084
8384
6653
3021
5673
699
371
12461
13741
5133
3009
7982
5814
6965
8895
900
3737
1191
13700
1362
8977
2630
14584
1255
12672
13223
14314
14381
3367
4694
9286
1926
10137
13206
5046
4185
14102
13721
704
14134
13092
1641
5264
5509
14587
15351
15009
9948
11034
9799
11197
8472
15047
13418
6508
4217
12170
7857
12291
4976
11340
5584
5442
494
6412
11066
7552
5404
15190
13354
15017
526
13240
13261
10865
2384
14296
7826
3972
10167
1707
13817
8857
9840
2796
1658
14921
3539
3232
13253
5963
5444
15294
1432
7979
13050
11164
8450
7356
9506
13322
4001
2622
13010
663
14447
11122
2011
4958
13052
6414
8144
9330
12725
2590
5615
5031
8256
15261
7122
11293
476
1227
2875
6927
662
3000
6621
627
7862
9460
1405
4687
5547
10558
12123
15121
4101
13182
3835
645
9792
10800
11633
7060
8628
2692
1635
11463
2524
9701
6388
6848
1442
6912
11403
13644
14902
1901
2414
13517
5116
9016
2342
7799
12346
13823
6980
3258
1397
9745
7884
4166
14517
13531
13482
14544
1757
13250
9176
5724
8368
11637
12673
14978
8407
9062
3306
7862
8932
9310
5945
11797
8014
1523
13553
14684
4251
278
7458
10746
1361
4106
3290
14082
4249
6159
3976
13118
9942
2461
11266
12968
2694
8422
12046
10723
3650
6780
6651
6965
9572
2434
6798
9117
2568
15345
10371
8232
14385
2032
4475
12220
7349
8977
9408
12333
5476
11081
7380
9958
6626
11865
1701
3736
5224
3265
14485
4056
769
294
8848
8002
59
3690
14200
3554
936
7210
5077
5614
12634
7147
12665
7256
2709
1435
11072
10858
6346
11943
12793
13186
5007
11454
12189
9204
1698
715
5058
396
7717
9229
6573
7780
3347
13736
10836
15232
6605
203
1755
1117
14256
2129
13319
595
852
965
12462
8588
9550
12774
2251
8437
12005
4762
12062
894
10918
10698
4781
6839
8951
11478
12479
4693
10684
12633
4295
2942
6557
7857
35
740
9774
2262
13640
6770
934
9209
8844
3704
1867
13589
11054
8677
10650
5498
9399
7662
11980
105
7108
12308
8618
10664
8043
706
8097
2705
14952
14402
14931
6198
10372
12265
12551
2579
9104
5222
14088
4980
1481
9371
12264
601
6490
1998
11194
735
5858
1449
9581
6896
4424
6831
5910
13971
8078
2115
14761
10165
9138
11482
271
6944
2536
3537
12491
5919
8159
3234
3415
11786
7166
5033
12692
6453
37
11570
1580
10071
13495
14283
6210
14666
7633
11739
3642
509
8075
1149
1941
5202
7814
14046
3088
14753
7458
12634
8490
5062
1526
14976
3353
7565
8570
9043
13288
5472
3349
9780
14280
3593
905
12587
3654
14270
9209
8400
5807
5344
10053
3728
11887
5300
6541
15166
10879
14400
9710
5547
643
3256
3610
3841
2733
1350
9858
4773
3769
6828
3068
15059
10381
1941
5278
3588
7681
6430
10868
15240
12164
4665
3134
5457
14339
7351
14743
14191
5827
11535
13794
7338
2178
13498
1236
10542
6661
12491
3455
15340
396
14674
810
437
10613
5539
1479
5901
13920
9561
14377
2458
1291
6362
10991
2357
4258
11219
7194
6150
1482
7607
4856
6972
5011
12318
11917
9926
4925
6291
4617
13752
14101
14409
14653
10724
9191
4379
8952
12788
11022
10898
5147
4176
13492
2137
15363
6242
11053
3618
9607
1911
14878
1471
8011
6284
7016
10850
12063
8350
11975
12050
348
14835
14679
4604
13257
11897
5225
7119
9746
4612
5378
11210
2147
1822
2159
12046
1746
3544
11250
9607
7251
12964
12141
14819
7349
4371
11821
9092
1174
12111
14239
12718
1879
2471
1866
13266
7234
7639
4245
4798
1534
11416
6096
4923
1687
11930
1166
11453
172
1504
2762
12873
8787
1000
8025
12911
5421
9211
2576
11650
4482
4531
10320
6596
13539
6627
9295
693
11199
13378
12136
629
15342
9068
8398
15029
10770
5050
8890
8874
7055
1017
430
8513
286
8783
3259
14819
13944
7255
11286
11600
13268
8931
3134
8451
12872
3955
12439
10977
5516
12517
10390
2333
3057
1573
14552
1893
15233
3714
1303
4097
4213
7800
3198
10213
2081
6752
9204
15119
6849
13459
4939
2351
7935
6556
4846
11305
5619
632
9245
5664
3844
10948
9991
4297
4678
5206
2519
14122
8705
14636
6596
1008
9081
5522
12422
4429
3199
3592
5371
8807
6486
1001
5219
2222
4875
12614
6175
5917
12792
13215
4776
10007
6536
1030
7864
933
3746
3754
12928
8544
5626
3522
10476
11135
13494
9267
7672
10313
11647
5603
9960
1377
257
6979
11245
8119
6569
1424
1070
10059
14978
4807
15222
2924
4751
11558
5794
4423
1010
7380
7683
11396
9150
3562
7674
14575
5114
958
12160
8650
7249
14806
13924
14294
7981
12606
9384
4620
2115
12091
9755
11236
4210
1002
9380
7742
3553
185
9731
4338
1963
13916
12284
11205
12794
13577
15225
1823
3620
1514
7156
4954
12508
14077
5361
4076
2784
13375
3830
12514
1110
4926
3700
264
14486
7445
11078
4355
15343
5046
8378
8086
3811
9232
9635
12936
9774
9047
5369
13688
15176
6678
2061
4271
6181
8097
10989
5007
4818
12868
8017
11400
7661
10454
4771
616
6533
7209
9928
4528
5023
12279
15351
2497
4075
5870
1730
4100
9361
4366
11313
7431
6530
6059
3377
427
13977
13684
13088
8387
12193
1926
7219
1083
2036
3291
2814
13825
2166
6322
12319
6580
6021
4929
4438
3516
15221
660
15244
7743
9314
6453
1398
12959
4575
14547
4548
4409
15089
8288
8547
12096
13528
9002
5366
8563
5909
6165
7700
5033
2790
1679
12358
13979
8378
11782
10107
6351
650
12273
8503
13581
3837
9013
11302
1606
5224
2489
9185
10460
11979
4734
12931
7785
1673
1670
3744
12456
12223
6975
1067
15208
4213
11904
10881
1357
6522
8349
2757
8580
4075
716
10367
5392
14957
13927
12857
2433
3634
392
411
663
13594
6861
5437
11995
11113
133
11373
947
5722
6666
5772
12785
5914
12478
7599
13413
7991
992
12681
7617
4679
12370
7654
5253
1791
7413
13803
8296
11348
12056
8584
1214
3011
13465
5372
1200
9867
14269
4055
9278
9230
9079
2436
12281
10556
1519
46
2070
891
12162
3356
10644
1373
1889
14530
13567
14580
7031
10393
2114
775
13582
6269
9737
448
11176
171
12547
11959
11289
645
7030
11944
12746
9633
10884
4006
12742
3547
12057
13368
6234
15368
2993
8775
13337
9330
9552
11729
5409
7831
3904
5722
6163
4245
7643
7710
11194
14412
12225
8264
5943
3468
8952
11175
1987
12294
3483
7780
13906
547
10816
7011
5229
10786
10598
12233
11822
9522
7300
6626
14835
7975
4791
3177
8240
4708
2317
1000
416
14541
1126
602
130
3005
4456
1538
3426
12396
1065
10375
3588
3316
3118
4019
9523
8202
12453
144
4417
5930
12873
3999
1287
9834
8344
2821
12895
10930
4280
15078
2534
291
12771
11877
2739
9202
12636
13941
14175
4227
3798
12631
11384
10973
3544
14137
1799
2942
1102
14423
9382
10175
1492
13389
3951
11669
11000
1481
13546
5430
12982
5233
8566
2417
11579
11205
700
4489
12535
10449
3308
7656
4600
14464
14451
11755
12933
13053
8893
10759
9487
6402
3554
7413
13496
14630
6072
12547
172
10162
4994
15232
596
7367
9997
5201
7444
15047
3504
1931
109
12172
7947
12644
12802
5468
10637
5081
14886
5694
9752
9903
546
438
1316
1454
11516
6510
3404
11110
10460
11661
7035
176
8112
5403
10682
8373
13932
11711
2432
198
6074
4828
9970
1550
5371
14717
139
8998
5487
1087
14980
14970
14299
992
6708
2274
12330
9591
13751
14900
12023
3960
5725
14399
4371
1196
5746
1110
14459
5885
1757
7286
7083
2898
4460
13336
4176
5285
6484
6384
4677
10746
13090
7746
3657
7737
10916
5527
6150
6239
2197
3479
7526
744
14033
13997
2114
10249
2028
10493
14060
13626
6958
1181
13530
5251
445
11495
1066
10939
3081
6372
8535
5924
4288
14047
7624
7747
12701
7418
3842
420
3204
15192
5557
11633
2902
7444
13210
1966
13122
11260
6537
8728
5293
251
14685
2160
10593
4942
3615
10319
14415
3032
14887
2362
949
15235
11901
7108
6505
5857
3296
8911
4434
10003
2506
12010
13625
10877
2814
5165
5027
6783
13114
4761
6950
8472
9170
2368
3651
12431
11452
4394
322
5085
5133
13617
7944
9901
14902
7255
6366
4323
10970
10997
4907
10941
3312
1370
1666
6587
2762
9687
13483
13360
3387
7419
4199
14680
12102
3139
9588
10151
9909
9285
5579
6123
7940
13795
4720
10421
8233
395
1758
5420
4226
572
11129
978
12982
11792
13013
7789
7895
13130
7649
3914
5485
2975
997
9883
15222
10809
5590
9938
15002
9904
6399
244
1140
2249
8986
13876
408
8434
1469
14049
5118
14793
6612
8614
12828
2883
13172
6766
6757
3318
2909
7444
13991
7689
15209
12694
59
2034
1572
7265
6466
7970
11295
13374
7337
34
15308
8211
12958
14395
2054
4074
7088
10856
792
3057
11072
6119
3796
12399
9583
4866
12493
10311
10710
14374
12940
5536
662
1929
4643
11149
1063
3872
12975
8207
10021
13627
13372
3438
4010
3844
14503
14911
4489
7715
397
13252
5129
15342
3755
6157
14958
4839
5364
8711
14662
4516
12048
1999
7927
11187
8152
6252
13575
5660
14864
389
2051
12976
7869
3326
8776
14356
3398
13605
3725
6435
14407
727
1578
6258
183
11231
3338
12224
1529
2263
12145
8777
14092
12893
14351
4524
6503
4033
12182
3836
8397
8342
12638
13500
14422
8313
8758
9418
15073
9667
1091
1050
5319
136
13861
10152
11983
12790
5615
224
6609
8120
13506
8316
13967
12239
2500
4066
6268
11682
4091
11669
789
10007
7694
14065
3652
13433
10409
554
106
12349
6694
7970
3911
9835
5236
4665
270
13090
5502
374
3399
1139
8031
7163
11617
10310
536
6523
399
3010
14838
10402
6372
586
14944
1441
2834
10819
14731
5627
1332
7106
14195
10546
12823
1988
796
8957
1879
14635
1979
6596
5899
10630
13555
12014
12833
2325
3619
2190
12895
2702
14676
1723
7912
9911
8277
1837
9622
9879
978
3612
11282
165
2986
12114
11144
11875
7149
14184
2585
7889
1559
3062
6686
14959
11979
2109
6981
5452
12235
4469
2852
8357
7510
1830
8794
12427
14315
3600
3000
1810
15179
7103
8555
11575
12849
1052
7708
14668
12519
5895
7363
1265
11955
2831
9099
3486
7979
11351
9978
10527
14490
7211
10237
8102
3759
14719
14157
6881
14444
6268
7671
1071
12338
4596
14641
6948
1897
10592
12703
10124
5142
8920
2512
9677
14393
13891
8623
4216
9585
10608
11936
1333
5035
14403
13905
7160
15255
845
12556
10739
13109
4814
2498
8185
3610
13067
8176
2892
13598
10802
7249
1614
7597
1114
2254
2351
349
4469
3389
1640
14064
5031
4460
2619
6199
6525
12477
1303
13179
14093
11705
5642
2525
13019
2110
3932
14798
7892
7670
2960
13993
3855
15134
2853
12579
3614
11060
4696
3351
6867
8018
11176
13570
11389
13057
11749
1381
13268
10313
11280
3359
11935
8303
13990
4761
1550
15257
1722
3074
321
11534
5347
1003
1170
8639
884
36
15186
14461
7525
12258
3212
12501
1690
4831
6013
6177
5704
2921
4518
11343
3008
1031
3234
7274
3288
5750
13950
14747
7678
7285
11172
3640
2122
12204
11830
15008
4046
13475
15112
13872
9498
12781
2390
6443
10763
3464
13777
2089
1283
2003
13071
5160
290
6925
11166
15137
2370
2377
5150
3741
11182
7337
3800
5371
4505
11032
10320
12335
8216
2654
6872
9888
9043
4372
9856
6302
2800
14650
1271
10633
4240
5172
11262
3512
10105
6640
12264
145
10008
8244
7407
4210
14644
3578
10794
6867
14514
13898
7957
12357
4899
6951
5526
5908
6019
142
4845
9712
2885
7506
2287
1741
109
2122
11896
1153
13884
13225
956
874
12457
4837
11516
7712
728
7764
8636
14457
1330
3231
5604
2799
1937
4324
1069
10239
10077
14222
12600
2791
10811
8937
2414
6921
8980
1988
292
5616
912
5104
11081
4586
370
6993
15338
3432
975
7737
12059
4023
12462
8838
13409
6602
8365
445
13871
5936
10967
14165
13390
15281
911
2134
3732
1566
8201
8510
4879
9001
4235
11360
11876
9108
5707
3199
115
5858
12802
8584
4474
12091
12164
5689
4483
12459
433
12452
9547
12593
15264
2999
8592
4250
9272
1964
10659
7014
11761
14135
5929
5848
4228
8543
2910
4330
14520
3195
12126
1955
14447
5893
1336
12405
10954
9526
5830
2458
12119
15116
13061
11773
13057
6997
450
4544
6186
3044
1327
10599
12911
9983
152
5255
4222
2071
2626
7415
11351
6135
3441
13447
6237
2751
5122
13159
8991
7630
4205
11960
12187
12955
13061
4420
9607
9763
11144
3107
5340
10206
8239
3892
50
14143
11147
12347
5059
9600
8517
5705
8533
14722
13412
11667
9512
10901
9267
395
2813
4082
8993
2770
11764
4532
2578
14122
5687
11353
7468
10530
2929
10019
9447
10788
9877
7215
5161
9057
3590
12759
14752
8566
13198
9745
221
13464
15126
9571
9648
12
10627
9087
14134
14207
11065
13794
14257
12811
13504
6094
7122
13410
14116
9575
4828
9600
5023
8133
7086
1771
9526
8838
7981
8391
6894
10216
4755
5821
14852
21
11584
2837
2951
7727
1374
2809
2647
15307
1949
3270
8898
12354
3124
567
7961
5191
14482
12548
5582
8006
9835
1984
12020
2138
10207
2065
14821
1512
7457
6484
640
11237
15320
6672
6895
15343
485
10612
11100
4304
4879
2233
12519
10419
11758
2179
1609
13754
13593
9058
10762
2209
14542
13588
11517
12695
7055
11983
13739
1056
11046
4924
10152
7770
9559
13691
8582
3851
6509
12530
4800
522
11786
14185
8861
2306
9430
5768
10035
14864
5549
7469
13865
2726
9459
14020
5415
13587
5731
6976
49
6544
5439
5505
4470
12469
3846
4240
5341
5575
12311
11266
4985
11043
4287
8482
14599
14468
26
11806
12274
12124
2016
4988
12750
1210
2527
6909
13904
4912
13211
9096
4611
13632
11356
8282
7191
8922
8679
3412
2683
1397
4569
3186
14707
4825
10829
11242
11856
13331
3848
12917
2993
4576
46
5478
1081
7905
8142
5748
12884
14255
5415
10277
14104
6134
10285
2183
4647
10151
12392
3804
9458
9873
3550
8172
10340
9875
13013
13624
15320
13312
9025
11675
3987
376
10663
2040
12081
5009
13007
1685
13040
8492
1688
14969
10217
12088
8079
14241
5358
7281
2364
15255
5899
1471
1037
6837
5104
9199
3408
4172
1709
10501
11279
73
725
14248
954
2094
1810
321
12901
11788
12022
12864
3386
1409
2805
12740
13230
5008
14003
2069
14530
1078
10937
2350
10559
9394
12478
134
340
6830
674
13787
12322
4992
4192
9342
10862
3592
12120
10422
14483
14930
1274
9166
1559
12864
9892
13888
11346
3533
2552
552
3648
4103
14663
6002
14265
3975
5858
5905
4280
2521
8503
5125
9019
11072
12136
5756
12569
13978
304
11115
741
14227
9450
14837
4436
698
11209
6467
4025
8282
239
3530
4678
6005
12145
5317
4743
7405
9759
6083
2789
4679
9254
12819
8782
3163
388
12202
273
11096
14363
14546
8092
8165
11929
12762
1434
2618
2289
6360
5539
7753
1729
9832
2803
2767
1081
4964
11285
7656
11612
8638
14696
415
8428
3697
10527
1558
8783
2939
10429
9661
14188
12243
8962
6046
9798
4357
14664
2868
14312
6308
7515
8095
2982
5247
3292
14579
3831
1731
1062
5236
11845
5516
13505
3564
405
15199
6121
3822
3454
8388
13938
14599
12411
250
14025
4510
3060
9564
7858
8497
11213
1081
5262
4758
7764
11163
5155
5126
14581
7884
11040
10990
11326
15052
10477
8561
14405
3719
6552
8433
14969
13394
14865
8750
9463
13557
12091
8331
4297
7217
130
144
13118
2882
8412
11866
11435
12980
11624
10327
8468
1199
7765
14072
7524
11455
5746
13185
11961
10842
13354
556
1702
10534
8036
15164
403
8517
7587
6465
4031
13241
6110
14560
10795
12444
4699
13357
543
12966
11444
1220
6872
8130
6602
2212
4787
9754
10716
6782
3083
10710
8831
12726
6976
67
13286
5620
1760
14843
12207
9656
5854
843
9239
13678
3035
5093
2004
8317
14136
5993
2318
1076
7940
8382
13419
3186
2934
10718
11892
3269
14344
14365
7375
195
14003
9664
9486
3698
1664
13467
4868
7186
2764
7590
5318
762
1036
5215
4520
9508
9752
2490
13910
696
8003
5003
15239
5108
5500
12745
4406
685
2129
15320
1473
32
10875
1518
3479
8408
5680
15008
9397
3593
3475
4508
12819
7013
8310
2403
9638
14792
3754
13722
8872
6657
3338
11430
6081
1275
1931
13713
9050
413
12981
10087
13527
9867
11065
14307
6678
4931
11457
5271
5305
9739
3774
13702
9096
4539
9220
13175
3422
3304
10888
7018
5734
5103
7587
14022
10926
3681
11574
4631
6465
9060
3390
8663
5631
8778
1432
7449
10670
8161
9032
10938
14019
1499
396
3543
13966
8763
15303
5421
7726
8663
8314
12682
6125
10597
7103
3747
13870
10964
12917
13531
2478
279
10497
6985
345
12214
7016
8006
13315
7881
3886
5815
11960
5023
13611
12197
14426
8860
10399
11311
19
12514
11717
1775
4323
717
8305
7416
7085
9126
13368
4029
5093
7869
7925
4045
3811
4596
8437
2923
9125
15128
4829
6165
8574
12789
1025
7020
1702
7308
13803
11460
856
13599
12557
10123
2057
12943
14300
5308
3290
3439
4753
219
3185
3716
12468
1153
7669
2738
10873
8426
7751
2821
4279
585
8647
13793
14028
4135
12754
14560
1388
2411
13665
7117
1050
6389
10645
12548
5216
14704
9352
10308
4709
11399
14051
8267
1018
9228
13606
3378
6393
14502
7801
3429
3802
5301
12871
13580
3995
13334
13581
4557
12985
1887
8137
12240
10309
14709
474
5136
209
7525
6968
2584
10435
828
7714
6853
14561
6427
8417
7908
10312
4414
5147
14643
2549
12408
4145
8460
8336
15034
1487
5232
14120
1334
14634
3674
11616
13333
15085
5439
12765
6487
14725
14428
12307
4835
8583
12838
4926
709
4386
13745
5092
3027
13716
10484
8917
15307
2735
11599
10025
5604
6751
14282
3276
2089
2487
2315
14555
11068
10746
11177
3297
5341
3658
2852
12888
12096
13900
11160
1544
1920
6823
11814
1937
2348
3938
5227
4491
9342
15358
6653
3
5771
14376
2437
8485
6573
5429
791
5121
1548
9246
9096
11719
188
197
10519
6778
10086
11536
12359
12194
4550
12855
8249
2219
4353
5178
460
6491
6664
14070
8465
3100
3656
3531
6384
10180
15082
9166
11562
7437
5906
5680
639
7880
2610
11127
15139
4494
15334
11087
14950
2380
5901
13403
1561
2466
351
11057
8969
3012
2548
9835
4718
12047
7491
5451
6868
12259
48
5514
3954
2194
12968
14287
6360
3634
11376
6699
1362
3810
7390
7386
9806
11173
3276
8537
15078
50
46
1767
15170
12458
5652
6549
9102
2482
12720
2858
10758
13890
4273
1729
11561
7533
5908
5827
2798
8816
3140
4350
13890
10280
10545
13668
234
10275
7529
13072
11932
828
12677
12792
5917
5029
10394
13434
5728
9798
5207
4892
7490
12442
6571
9149
11569
5739
13882
9411
6743
842
3310
4026
15191
13372
10470
1385
10916
15089
10068
14341
12264
3249
4368
8556
6896
5872
5607
858
874
12130
2951
839
4193
11586
3893
5556
13659
5222
11936
9121
10329
7327
7969
1367
4135
2486
3351
12411
8874
14458
1321
5436
13074
15252
2592
11616
12228
1931
13205
9950
5935
15204
8240
9658
11478
14883
7044
9388
9242
9474
6625
14200
7263
3548
5101
9799
14837
12400
12933
13371
7864
3571
8071
7822
8547
7984
9833
1533
4793
8304
5591
161
11264
36
11712
838
10366
9017
4417
9144
4688
10110
3169
2799
9164
6272
3103
6819
129
8196
13434
11231
5871
2572
1590
1300
7360
12006
8192
11165
6273
6820
11677
10191
10480
10835
3787
14074
13740
1368
10762
1473
10023
6937
3723
8785
9133
496
13237
45
11945
3186
10426
9356
8429
1797
11822
7224
6298
13844
870
6779
12338
2148
12205
8344
13877
10885
11410
2240
10916
14724
7706
491
10793
2593
9056
11230
7594
7254
14287
4200
6760
12401
1638
8666
10879
12642
15077
883
7538
14375
15087
7122
11488
7121
2885
11572
4082
3051
2942
157
7236
9485
5974
13840
11321
12940
50
14111
10239
13697
6130
15187
6610
12844
5069
11640
10027
5376
368
14710
13651
4511
14525
14738
1801
7201
5382
859
7982
14904
3954
14248
9095
398
2465
9019
7871
12604
7496
12925
2267
8349
9050
5340
2104
10749
14549
1837
13875
5107
11993
12609
4535
12980
9807
14510
1662
13193
5912
14609
679
9957
3611
14677
12520
9001
11661
13385
9662
954
1303
5060
2865
10442
12895
3182
10245
4692
4042
1411
10953
12023
2593
8250
4838
11668
1371
8114
10882
11644
12052
9641
2293
8815
9488
14764
14029
6093
5674
12653
12045
1906
2957
7113
13323
13239
12917
13163
10508
4558
533
10536
8790
4150
5643
8436
9002
8152
2111
1115
8350
9225
2069
7944
8625
1182
9672
6682
2056
2421
7800
5598
202
14481
15100
1909
3762
7275
4138
9103
11477
2145
15080
3614
7301
8011
10763
13633
10112
1789
2863
6572
660
64
5970
4422
8820
1602
12861
13187
5945
3847
4253
14338
1466
2985
14322
4307
975
12131
2436
5473
13147
8766
3624
10991
2138
2433
9326
2612
10518
309
6561
5837
13951
8899
2933
13898
7152
9798
2071
13615
7983
2822
8527
10261
4553
6875
1389
3857
620
5834
9437
2507
14954
2172
14643
2381
5400
8101
14799
745
6849
7387
11815
15356
14097
12960
8445
5745
3015
14931
13228
12432
8007
7358
15102
6418
14405
10528
7551
7696
2671
11707
15195
2724
9154
1532
6691
14908
7506
9290
13212
7615
10744
2508
5965
348
3406
9345
2713
14804
1817
9379
10282
14887
1731
11806
0
14898
3912
6865
8291
516
1262
4623
5087
1205
2049
9761
11011
8169
5517
611
7709
11527
13546
10797
9487
5226
6809
9688
6536
5195
14751
1338
6536
15112
11774
14960
2378
11659
13242
4413
14501
9438
11822
4218
3145
3052
275
11094
6878
12899
388
6896
2919
11167
13394
1234
11135
6042
875
13659
14371
2159
2972
10234
11105
11030
541
1324
8978
12845
3702
9987
8491
5175
12495
11888
325
6189
7006
2698
13120
6462
14921
2814
6354
14168
13864
5954
3100
3673
809
12494
3939
12817
12075
5434
8330
3200
7093
5596
13563
3190
5550
2333
8446
3227
1484
11907
14977
13036
2252
12820
11630
972
5885
2751
13526
1797
3027
8797
5315
9159
6104
5643
4153
13466
13662
122
13747
11146
7079
11548
14533
6643
2873
11928
11846
2077
5539
6846
3204
9534
11578
11668
606
3907
8647
1181
5989
14563
6537
5315
6947
14281
14290
5613
15142
12454
7908
3089
11694
15114
2704
4823
10325
1648
7562
1575
13998
8470
14261
4649
464
9948
6397
5780
6387
3405
14980
14692
5154
3216
1729
13018
10706
9880
4929
13557
1681
3007
3278
1253
9628
9691
7377
6880
4131
11410
2888
4479
13665
9539
5658
11637
4996
10733
13582
2441
4095
10407
13781
11272
7178
7366
13549
13953
1996
8252
5966
7823
13827
2196
5733
5427
14414
1349
6948
14260
13304
2977
4129
8862
1676
10839
6632
4682
11505
5891
591
14048
10263
5073
6581
11698
12783
0
2494
15152
3488
2174
6518
10663
3593
4284
7894
3576
11630
3476
10122
989
9302
14538
3673
2157
5994
13147
250
4017
14099
7933
6931
487
12078
11175
64
648
11187
3129
13514
2527
3090
5463
2709
2546
3450
9200
13232
10739
11588
12677
13079
11253
5170
5220
3595
9510
4568
624
11405
5601
1371
11304
7986
7698
5722
8999
1033
5396
10001
7920
5963
4578
6537
3169
5458
8296
6406
11438
9079
8665
14289
6950
3979
4201
13331
4644
2729
2797
10997
6453
4055
4699
12062
11152
4598
11820
9342
11582
2983
7788
2349
6205
15258
5201
11477
3180
6074
14095
5312
15187
12102
14695
9584
8607
1974
12401
9999
6639
3971
6822
7602
294
9060
8937
13309
4328
7683
9837
5643
14967
11376
7691
9698
508
2971
5731
14786
10764
11726
1852
6337
12121
12241
14298
8726
3629
15214
11217
9588
588
7960
7564
10489
13810
10685
11776
7173
13632
2715
3873
4659
11619
6552
3495
11167
5797
7217
8203
9424
7151
8178
6500
2457
7367
8819
2172
2574
80
13517
364
7139
9269
9187
12703
4232
3285
9772
920
6019
1831
4822
13827
14371
1042
14377
8598
1713
4840
13131
3893
8640
2075
2898
11568
9208
12820
2068
7305
5807
5185
13228
12598
4491
9054
2048
13824
11369
5089
2673
13120
377
3872
9214
11197
8916
8839
2984
7542
2729
14725
11350
5863
14712
9900
4638
4583
13691
444
11920
9962
9513
10147
9761
7099
10171
5101
2228
11046
11970
2587
2106
14961
13117
6615
7123
14709
7901
13401
14826
11159
13412
9271
1565
3632
1407
1325
9670
11604
3075
3429
10800
12617
7700
7073
3080
10394
11749
4682
7394
11026
11824
3381
876
6513
4276
6440
6922
14880
6009
10394
271
8475
8034
14911
8931
13739
4677
13906
14749
4934
2299
1045
8384
11678
6317
11527
14741
14183
15242
5054
1294
5502
11944
12293
10397
2259
13634
8699
715
13457
9964
4996
5223
12280
4324
8222
6998
10988
6424
12304
13806
1220
8742
13213
11839
14929
8762
7239
5020
7085
11080
11404
14945
3925
5026
7306
3489
5033
12182
3292
7307
7080
9781
5662
4729
6342
12910
9176
7977
10847
2928
8901
876
5607
5136
10479
4179
9505
4926
13671
14353
7198
11812
13808
10472
13545
2768
8504
14163
5540
9082
13406
5226
11234
9979
2277
3997
13128
11226
6053
10185
5146
5317
2537
7682
8602
14716
9023
1363
7372
884
3750
13406
4686
1681
3537
1808
11185
5518
13145
2847
13425
8914
5391
7026
13596
1331
6159
10278
481
11071
15230
7167
7389
1956
7322
10780
9964
4245
8595
7726
5082
10500
4030
12523
14352
15148
187
653
7798
4638
2211
7972
740
12766
4298
294
1587
9181
2262
14378
1788
9612
8213
12232
11894
15144
13076
9564
1693
13450
6007
3431
7715
7310
12633
5060
2756
194
5871
13486
9163
6488
4720
1138
5217
12743
11390
10839
7661
2303
10642
9170
251
9213
10071
9171
9202
13838
9163
1165
12657
9696
7897
10776
3021
8040
307
9918
958
11458
8610
3129
5021
680
7917
620
15020
2193
12999
14859
617
5117
1128
8686
13696
6021
4511
1702
5194
11887
4172
14362
10865
14263
410
11929
7259
12567
12065
4382
6068
7571
10071
4059
13539
14614
10301
5184
13270
7879
7145
2344
2132
10651
9690
11731
14976
7310
3884
3527
10354
15350
10470
7851
14691
2728
14824
9813
6912
919
14885
140
2412
12785
7393
478
11081
8409
8749
6995
6025
1115
10649
8987
9592
14058
7957
9692
9811
439
14555
8974
5674
11951
11478
11835
3508
11006
11684
12657
4620
13277
10360
2656
21
11030
11038
14431
9875
13927
3023
5353
7676
1144
9860
5132
602
5111
6129
2569
5826
1721
10810
13831
1363
9911
7941
7770
8972
9190
5562
7437
6578
1210
8754
665
12713
12102
10230
10709
14860
8571
1196
10342
2453
13138
1702
622
692
2755
2000
5775
12635
6236
2524
3640
13280
9913
1248
5890
3091
13792
13075
14417
1089
3173
14553
843
1984
12147
14081
13205
5014
15318
637
10368
13819
11330
4225
6819
11680
3126
5503
9192
10461
6618
10729
7899
6462
2051
8901
13867
11731
10329
894
10234
10691
13012
2129
3206
12536
5615
12409
1250
4128
9384
13345
1791
9573
5345
11844
3875
11836
4798
9528
8603
9749
7265
8302
1965
7102
2091
165
214
9468
6797
7721
6208
6965
12946
12567
1042
15267
15317
7170
14287
4115
7315
13871
1820
10599
10847
11684
8136
4769
12379
8048
2219
6554
6544
2517
13414
8223
12459
9290
10914
8870
7100
10996
7445
8704
11936
9546
6154
9774
1745
3138
7107
11596
11702
845
11777
9569
13437
6242
15000
13817
12592
1019
11157
1372
13391
7858
7165
31
5852
7048
12169
14396
8972
10513
8991
14471
5686
4142
1777
2934
10126
5368
2968
3594
2625
1953
824
5849
4376
6168
5100
7712
1647
13958
7913
1650
12505
870
1446
9338
3152
7148
9998
12789
5100
5534
8890
5895
1680
12039
145
9422
3234
7300
2504
3562
648
13218
8796
9654
7056
13508
12275
13697
15089
9398
4591
8037
7843
15206
11543
2052
1328
7629
7590
3255
6380
14099
7034
10413
13249
10283
8057
9114
4349
1227
2690
7358
9666
12708
880
13772
10276
5415
4990
4851
4385
10656
2059
15348
2959
4342
6285
10353
4857
6223
6488
15079
11223
13106
4417
6665
5053
8066
12563
2456
5230
8774
1216
11563
1468
1280
6898
5812
9799
13925
7502
8188
12481
6772
8022
1400
2980
5324
12044
13499
1667
10235
4904
7988
11984
13143
6161
10107
9550
2682
4767
9569
9875
5809
14151
8680
5798
9278
6659
15069
7262
12326
15251
3309
3744
4671
7718
4058
1698
3134
6173
9584
2562
4282
13283
4316
19
13473
11577
15253
7507
10184
15307
5535
13265
5756
427
13816
1735
2019
10779
1914
4908
11116
8471
11252
2303
1839
4823
6986
6233
5214
11569
7490
560
12208
9355
14167
11467
1469
1269
4815
10739
2118
6719
10699
4125
10474
2634
8156
12568
7597
12488
10164
4753
8976
8035
4536
7836
4783
9446
1288
3668
4405
9033
2500
7601
10675
2798
14982
6835
1757
13339
1730
13824
15179
13390
14500
8580
1023
1241
4162
7605
6031
15175
2972
47
2066
2186
8152
8300
1985
8149
650
7542
11539
7244
9720
4510
6967
11507
2747
4940
1103
14048
13077
11885
10791
6837
10303
10823
3887
10958
13009
843
13589
10469
421
3671
11757
1513
4282
10650
5248
6011
10266
11506
14846
5761
3832
7130
11863
10104
145
7182
10477
14079
824
3123
5734
8228
2033
9042
6313
14312
8549
10497
12535
13562
3528
5073
3042
9749
2144
14809
1834
7734
5895
3425
2570
13315
4447
12937
13557
4849
14664
4332
10536
7853
2877
11997
3613
8152
5559
11867
9247
8902
8648
11790
11653
4390
13957
9882
68
6649
12225
10121
10824
3016
14570
9453
11791
13645
5886
4363
8463
4631
2791
10628
14946
912
5970
11607
721
15105
6294
13179
8553
12844
4669
4149
9558
8558
1140
12159
527
6466
10572
584
4026
5647
6362
928
1990
14073
7260
12349
14927
5095
14120
4378
1550
9665
3938
3344
14552
14353
10207
11847
1993
10077
13718
12010
5108
3098
5209
6260
1513
7853
10239
14447
4749
14737
9387
6354
9511
14199
7543
7600
12020
15314
14794
11383
12415
5935
7063
3294
777
2537
11573
1241
11209
882
2795
8460
12255
3215
9976
8566
5392
7556
14056
3513
1745
10934
10705
1849
59
9995
7118
13237
2291
14494
3927
3839
13137
10763
8585
9918
2792
7541
14998
13714
55
5449
6845
6525
573
14390
12675
487
4603
2258
12078
2898
10560
9618
4106
5456
6531
13424
9630
2026
15301
1118
774
9740
3936
14151
11779
10983
9749
9059
14706
9946
10994
2841
1167
14003
13150
15061
4952
4857
11933
15222
2214
11393
7898
1651
944
8708
15304
5867
3698
9821
804
12693
14328
14809
13643
11422
14576
436
11567
7231
6009
14236
9260
8060
11314
3994
11339
11029
12352
14934
3385
15354
2630
1268
2921
9404
13134
13725
4704
9371
2505
1088
5395
4514
11787
3678
13092
793
4849
9065
3307
1360
11271
11358
9978
11118
14508
4835
9796
12389
9112
12479
108
10855
12931
15091
1948
12320
14402
10118
4
6453
15053
13889
7984
2474
6291
12972
7499
10728
6931
12007
5748
4521
11676
393
8523
1033
510
3060
1118
1711
611
8107
7578
7543
14884
10893
13641
13653
1308
2659
6748
2386
10334
14543
8167
13901
8960
6691
9689
13253
10075
11230
2593
5737
10747
10056
5867
4523
599
9036
6194
10894
2961
2727
12728
13675
10342
3400
5654
10815
1974
6619
4144
1197
2888
8529
14257
14037
1720
6950
31
6641
14204
2807
5343
4219
4452
5559
7333
6738
13435
15233
14004
12240
5743
5907
13218
10326
5779
11247
2061
7311
3569
7931
4817
8888
2230
5039
12962
782
11881
6007
12672
12510
2078
45
10187
12684
2272
3509
6578
4846
5664
8274
5967
9080
8483
4618
5446
11222
9294
5062
12732
14019
8725
5819
9680
2509
7892
11742
1559
5113
1615
8306
2943
12181
12314
1666
2766
12220
13232
9319
9825
3714
3516
4912
13716
14620
12215
4111
3077
9969
7485
11390
12526
10025
7094
3410
13197
14303
15205
1256
11603
1878
14293
2852
4827
8791
1136
2604
8055
11801
15131
15298
7799
14577
3360
4749
2593
12265
8419
8923
6782
6321
7150
15168
12103
3737
14068
3895
6117
13538
3552
4184
4751
12562
4445
4445
10900
5314
14527
4105
896
13048
3725
6444
14876
12727
6941
6415
2016
10006
10877
10510
2615
3534
3042
209
4122
10076
8011
13610
13317
12838
2842
10122
12775
12667
4736
6542
9852
3597
7557
8842
13390
11053
6781
4578
9671
5931
5648
12525
12869
8723
2235
6355
2010
972
1285
7480
14047
7574
3609
10418
7058
14991
5881
2229
1892
5165
1083
1762
9149
7911
7707
1066
2593
13990
10094
8834
14400
6175
734
156
6873
13877
5073
11394
4127
10046
3071
1556
8354
183
4542
6610
10874
414
12721
535
13964
7475
2997
11416
13792
6125
14342
2195
6560
85
14921
8529
2339
14612
6360
7756
10054
6290
3407
2756
13335
6094
11934
5225
2043
7775
13482
2826
1476
9570
2807
7301
3411
13169
8186
10090
9708
2967
5189
4997
6137
4772
12717
568
10528
978
14296
11289
15001
14619
4221
5551
7685
11616
9105
6756
9726
15289
9156
9679
8400
14468
879
7518
15112
6586
1796
14215
4723
14234
12872
8644
6173
5683
3721
15247
9631
7937
162
9743
7262
2757
8659
682
6664
937
14019
4902
3316
5693
2018
4659
5135
4286
5421
6825
6581
10890
8393
14689
13024
5263
11075
14055
5980
6006
8197
3424
4241
14491
15231
8087
4122
4553
7313
13149
12713
12418
11300
3571
7301
2612
5431
2987
9991
8648
5067
4045
11839
7051
14798
4759
9359
6713
12828
8735
7743
14673
14277
7286
646
2886
371
2213
4038
4077
1318
3033
599
9345
12146
10490
6271
1740
6762
9142
14345
6913
1384
2966
5222
13250
9269
1473
7875
13592
14103
14413
3310
4872
6612
2200
2189
8434
6354
5431
14449
428
1708
4313
9311
3898
13116
12393
9570
12743
4958
5189
4340
3708
10883
1123
10526
7902
6293
8117
4885
3056
8140
5531
11815
3641
3310
11749
15116
2388
14557
11140
7726
14580
7814
983
6490
13891
3679
2934
15344
298
6569
7258
6730
12610
223
4693
7571
9643
15337
4704
4278
11576
15127
7731
5544
7810
5165
9072
7611
6643
3633
1587
10178
9015
2847
4055
4654
8218
5052
8810
10539
14742
14873
11173
2836
2743
2423
15253
10182
3961
14070
7465
11082
2989
8621
15250
9156
14168
12193
14047
11801
14053
6681
5524
2210
5056
13240
13305
15012
5848
1776
5902
1229
14358
11658
3713
1325
7975
13302
12826
1192
13416
13930
11670
14494
3116
1477
9540
14189
3652
7340
12334
3010
5639
10288
4100
3465
11622
1287
14870
9077
4666
2293
6642
3316
13117
12097
14729
14380
6640
13418
13894
3202
6403
5466
9305
2395
1873
5371
666
9608
14062
13122
6418
6312
13761
12201
9655
14440
11241
5055
14782
3256
13557
13021
890
10495
2957
2172
8816
13126
11088
1896
10146
4153
46
5157
365
13544
6939
11042
11254
865
12936
7039
11364
14328
7736
6376
12374
5687
13071
9459
5203
2047
7645
7851
1470
5829
5370
1808
22
7453
8630
8521
8225
14906
2055
13557
3219
1729
1560
5840
3056
11162
11473
1936
13964
12518
9742
8213
8342
13326
14928
13134
13801
15101
11851
6112
5660
10760
7350
10278
14869
4150
14092
13337
7397
7589
8024
3968
10313
12762
11456
7308
14014
12938
6277
10211
12580
3446
3854
4677
12148
4620
3275
14215
4199
5483
651
2290
5344
9328
1249
8285
8428
9846
13450
8845
13907
6953
9420
13123
4649
3042
2163
12808
5573
5032
7818
3431
12956
6276
11072
5845
749
6540
11790
459
687
11670
3302
11298
60
1527
4132
6173
3981
6181
13794
4047
13483
6856
7234
9643
6855
14479
483
7946
7474
7037
8834
9756
9079
6451
9243
9373
3375
5988
6552
5223
7527
9979
11850
11867
11518
8570
14880
6196
1312
3596
2167
1210
3259
9107
2111
9389
10753
141
13878
9768
5309
6792
3506
666
14922
14841
2481
3758
2034
2199
1390
1201
4127
14196
9238
3849
10191
5959
5487
1955
1198
9452
1480
6956
5408
2938
10315
11181
5043
135
8067
211
4780
3661
8234
14309
4549
1524
7687
5926
5555
3690
13757
994
1499
5876
6882
8578
2960
5130
5950
4552
10899
13692
11490
12030
15140
3884
1437
10107
9717
2477
892
13398
8936
15229
7596
9278
9681
2461
14415
8276
1776
5325
5373
6357
286
9779
390
5657
4057
3588
7116
14462
13636
3341
14645
4732
5639
8852
12084
7602
8713
7005
1417
7076
5331
10571
10741
13267
2311
7197
9132
10876
1106
3370
7512
14641
13969
3621
10319
14097
14786
13662
621
5645
10824
5212
11652
876
11264
4893
2219
8103
401
9133
13042
334
15105
8441
622
127
7587
8794
14139
1137
2037
6648
11786
12224
11730
8675
6287
11048
9965
1902
4821
413
5765
612
14445
8196
4376
7851
2699
10033
3437
3102
2528
3562
8608
7828
9831
8562
4913
11947
6339
8274
6242
14779
8188
393
2269
4978
14517
5984
14149
15188
70
13857
14214
11943
10287
1254
2801
14202
4267
2536
12533
14926
2091
9299
10796
14308
13993
105
1291
2223
2635
5878
12746
7741
10482
1980
7928
12086
5685
12058
13457
3339
9306
6464
6064
142
6682
3034
6590
12232
9481
5712
8740
13943
544
97
10325
1302
10283
5910
9383
4203
304
4137
9182
9080
14475
15294
2188
2250
7728
659
10195
6006
10140
1267
83
10117
1354
14660
4702
6431
10255
9911
6284
8802
12605
1571
5773
11219
8860
5315
3326
1393
4016
1726
14151
15360
2851
7049
12287
1837
9449
11737
2486
13368
9891
7080
5291
307
4879
7083
14405
2217
5677
8698
11403
13008
9581
4264
10801
11095
1771
11987
13832
6729
1768
5326
3234
13481
15161
1559
12602
13390
14813
11613
886
15312
14952
13424
9564
2997
702
11892
6789
14260
2154
11532
3996
1574
1139
6570
12457
14543
5936
11745
112
9294
9262
333
9804
7261
11881
3672
686
9943
15082
11910
174
14256
3888
7447
5046
2593
12751
10713
13385
10416
5547
7325
11322
592
1832
14491
15043
11048
7547
2458
2335
508
6305
9364
2781
3569
9330
8528
9780
13665
14736
12584
2049
12380
5453
13704
7578
9247
14716
8379
13086
10782
7720
5894
204
10371
3911
13851
13798
7806
2580
9556
3291
465
7479
9500
12020
4413
7892
12845
15234
5638
3173
9337
623
11193
1951
14214
12924
13098
9068
8109
12174
1412
12172
413
2183
11823
14267
1889
8045
15079
10741
10175
14331
3529
2080
14124
7086
4383
14066
7819
9728
2472
5591
3768
6920
9296
627
3015
8224
4162
9533
12830
11611
14362
12961
6594
5458
11683
7130
154
7626
3950
13179
14212
5448
14832
11427
4331
5002
10171
5132
2895
3152
8495
4991
1
11952
2293
12256
6073
14992
7262
6167
9876
11886
1456
14104
14961
13979
9400
1961
12138
12464
2804
10958
2690
2929
6536
3193
5766
14236
14834
9530
15104
8302
1807
4319
986
2093
14718
11545
4642
10052
12371
9976
14526
10501
12845
4092
3223
15219
11435
9904
2229
7990
198
4300
11046
4401
4596
4415
14290
1689
12265
5327
8898
14915
13880
8332
7103
13844
3323
11325
7145
13762
14987
4849
14352
14799
8523
2285
14717
739
5974
3273
15137
11761
10145
7912
644
1231
9843
4827
14786
11476
1692
8360
624
12812
9324
10768
14462
2281
4519
12103
12934
2947
12304
4216
6668
9716
13195
11266
7461
13802
14077
12760
1241
8060
12728
1011
4597
7997
1750
5255
1272
14967
868
5943
11786
8699
14793
6814
13912
6335
7173
8366
1371
585
4416
12390
11611
4106
6394
11145
11383
7061
8122
14086
9096
8511
547
12839
11794
6871
11472
3952
10212
10816
7195
3220
10532
941
11450
3840
12846
3986
11781
6642
4006
2658
11190
3005
7642
13763
7223
10375
6618
15189
11227
4895
11345
2396
2174
415
10128
14973
12808
13222
14375
1187
13065
11990
7465
8286
14966
13685
2843
6935
2203
14306
6879
8827
2130
2482
1970
8192
6822
7762
5935
8225
3806
2976
14512
15011
3048
14280
13142
659
10449
8967
5815
4090
6397
455
14511
15207
14945
13635
8569
4424
8287
10513
15166
10903
4110
4453
14995
8215
969
9762
11901
11213
13720
7950
4030
1698
11105
11632
12952
4723
410
10013
11695
153
5936
4314
6721
11266
7120
7145
5803
5696
5578
10544
6684
11237
14632
7143
10951
881
13371
6472
13804
6760
13344
12922
7610
13775
5928
4527
2627
54
11742
3123
3239
273
4102
8364
11658
7325
4373
11429
13184
11614
10486
2624
121
633
7477
12126
3729
5896
7732
1121
13001
11721
9574
2051
754
3682
1272
6741
11999
6475
10856
2141
9696
8907
15164
13136
9771
2135
7114
2219
5196
12669
13925
2104
6174
5990
1294
13378
7581
2695
5173
3326
3782
9032
810
4604
14645
10955
4102
10604
2177
1604
7447
12140
12289
9184
152
13686
7133
8454
4212
1912
15280
10463
9483
13087
6148
2706
13623
1746
7017
5593
14137
9479
2130
14902
10027
7071
1352
879
3718
8579
11803
11337
10141
3504
475
3416
13406
686
11020
3754
11389
4362
9324
14650
343
5568
12351
5132
15257
7322
5781
4066
13353
9281
6885
10608
11582
14022
7458
14255
13691
6814
8828
6593
4482
14698
8103
14333
13444
6505
14397
8162
8658
3808
11028
10747
351
1272
9210
13253
14452
195
1935
7912
14976
13557
10080
15268
6216
9515
7264
11326
13482
6256
9362
1218
7719
5307
5796
469
7941
1723
3924
11178
7175
14427
9971
3050
9607
10195
12058
6137
4391
9930
2737
4546
5442
10569
264
8750
13644
10118
10293
12662
9885
2058
7603
2161
666
7911
12273
7389
14629
5870
13769
9294
3663
3993
9631
10497
12819
1606
3192
11715
12814
7382
1450
7082
6565
2139
8856
6373
1444
12131
15270
13086
1620
5778
12386
14502
6358
15149
4548
1900
5095
5177
14631
11574
8791
2874
5848
3460
2276
5839
3714
1399
2352
9142
10845
4649
7539
8807
3142
13017
10314
2172
12002
5948
11689
6228
7769
5586
10801
2837
3778
7353
6912
5804
6537
1369
8136
8765
6195
15167
7837
3432
13496
15066
11971
7302
6255
8118
166
1888
8416
3841
711
9535
13744
5598
7530
12050
10085
14181
13566
2449
14216
1056
3349
9733
15119
2028
11048
9204
14331
11445
3875
11765
4745
9791
5624
3659
5486
4230
2329
4344
9934
6223
6617
10158
12129
174
10738
185
6758
9565
6132
4824
36
9020
9970
10267
568
9849
1928
2192
1851
1817
5202
12044
1034
3018
5236
11014
9839
1339
5451
15361
13226
7761
9083
11874
1181
4998
8947
8419
13619
6839
8990
4662
6735
7834
840
644
1044
11314
14407
6337
3497
13908
3013
8727
14421
10778
10888
12813
9455
4853
6010
12965
10711
9694
5564
12490
10253
6127
3531
7803
14554
9308
1373
713
4131
5857
13597
14780
6957
4767
7577
4387
5085
678
2416
2347
9473
2591
6458
2419
605
14480
12040
592
422
13140
2936
577
7255
11610
7095
5792
4889
13294
11871
12629
3662
7612
13205
8268
1022
12360
187
6398
4921
1088
4729
8549
10258
504
1080
13639
7007
6568
8197
14014
8930
8292
4848
14101
9590
753
11785
12398
10240
2190
14322
12328
8413
14989
12128
3580
1190
14934
6594
4052
10428
12573
3086
8244
12082
10309
14533
2614
10711
3113
15242
15040
13521
585
11700
8077
11148
6009
3695
5535
8041
8193
8334
3637
481
15232
12935
12711
2811
184
5884
8258
9207
10072
12746
10277
9888
1841
4124
4087
494
15071
8304
3383
3637
1290
12021
5637
13340
7349
10377
11362
2957
14345
7528
747
14578
10640
12753
6816
3010
8620
7899
3674
8604
9415
7352
6194
7381
6818
6874
12524
2733
6067
1591
1056
15145
7185
4397
11627
12030
3770
9501
1322
11828
8859
2224
7671
9507
7767
13876
6330
6834
4385
3908
4003
12599
883
7760
5908
3193
4968
6316
15286
10139
12158
321
3133
2485
10051
2614
2667
14024
1818
3295
7169
7855
15105
410
14091
15288
14709
12791
884
9872
3794
3509
14501
9041
2199
1566
13201
6300
11136
13422
2436
6979
12328
13029
12867
4473
12924
9977
12227
10430
7119
713
8072
6486
10039
3139
7408
1963
160
8910
3154
506
3964
5898
14012
1522
4285
2678
14213
13766
922
11455
4730
1388
6398
982
12824
1730
11818
1984
4459
1406
6934
13855
11756
4157
13590
1172
12796
15060
5731
363
8065
7905
14333
10216
4822
4820
9946
11466
8306
891
4707
13568
13501
1355
88
13903
3854
8957
1947
13291
13804
12429
9275
12814
2543
3331
12362
9191
14800
3954
3702
12697
9012
5391
14468
4635
8970
603
6729
13824
3250
470
8792
7313
12760
8783
2911
6479
12372
1542
8183
5463
14635
472
5773
8158
1604
7933
7203
4635
638
13629
1527
14394
9729
13867
1213
9425
1409
10572
9610
13006
6020
9026
14681
4876
7404
10743
11361
10076
15026
12429
2334
6253
8536
11620
11827
96
4910
3129
8152
8510
7749
10265
11767
6456
6604
8550
6734
10141
10256
1870
11995
7719
13105
3432
9723
2572
8146
6953
11790
10069
5641
2339
6195
14379
10403
1602
226
4735
14346
6789
8139
2952
6729
4812
5586
8257
881
10871
3183
15225
696
5695
11623
7684
7826
4083
718
15285
1494
7498
4484
7668
7924
13371
8915
3533
6611
10244
6689
7671
7295
9397
12566
5446
8931
13097
7654
587
12314
665
6782
9189
649
13093
8817
2273
7594
3474
5455
3214
13458
8051
8743
4414
13920
9252
1736
9581
6474
4545
13455
3947
1100
377
9246
427
1284
2997
5719
6826
5896
5632
3326
6894
7668
3981
10599
63
4595
13176
11942
7648
4751
6927
5250
12065
8011
9684
11518
14418
10764
95
14137
7543
5480
12322
14267
4251
5418
11534
6019
14132
11987
13869
11587
8142
3013
10884
5580
6861
5273
2393
13310
10096
6685
8185
9715
7386
11864
14677
7323
8832
2797
4943
11901
13420
14306
5725
11562
11622
9652
14441
9987
10968
10166
9622
9884
8485
643
2784
12628
5961
8999
9234
12569
12474
2221
3830
6591
14897
3118
14643
15180
13007
4481
13547
7801
13485
5107
4879
4403
9243
8544
12369
6724
10038
12958
968
4141
8237
10589
2990
3516
3621
12979
8396
13712
8480
14563
12569
6666
8162
9528
11930
11635
4683
2195
10050
1094
5917
13026
13034
597
14684
8661
6948
3224
5998
130
12715
9711
8157
7505
3330
5911
3952
12280
5359
12213
8145
4112
12160
14882
6793
7255
4658
9893
5972
11409
8880
8843
3789
3131
9889
6117
13089
1320
14574
10873
5644
11155
5290
9344
15107
1157
6658
9294
10285
13079
9436
9606
10633
11157
8694
350
14198
11005
6457
13801
7011
3998
349
3565
3479
8119
5138
1314
6028
7369
159
1074
9920
8003
556
7536
3970
11580
1731
1424
15146
990
11625
9242
5294
7905
3643
9642
4231
13465
8562
9345
8498
5097
13796
5832
282
14179
4809
7352
796
13202
10001
8990
7576
3995
5666
9479
2502
6713
2026
12473
1012
13958
11545
13596
13166
13540
12797
9324
12330
1508
7853
2251
7941
9656
1483
14701
7152
571
14954
839
8655
2513
12906
6560
11829
10860
8900
14245
6969
4009
4980
7380
14905
1017
2035
8106
14043
12042
12432
8437
6484
3153
13394
11619
2904
9095
15061
339
9816
5849
2140
10752
3047
7518
12271
1743
11163
13848
5328
13416
11325
7437
7454
7120
7512
3145
10751
9929
13183
12185
8405
5071
8486
14235
11619
10695
11938
12801
5187
4615
2200
8541
2623
4882
7846
3762
15120
2807
9155
13843
1021
14571
1836
927
12488
10851
1765
14546
9511
7066
10923
13069
9711
936
1776
15331
4955
13958
7589
9270
1099
11372
3530
6576
6789
6345
3012
12252
8207
7389
3651
1492
8741
4050
449
1446
14704
13822
8224
6202
10133
2578
5269
636
552
15177
3252
10450
5320
2302
3422
680
8868
3955
9654
1468
2344
13237
10499
15217
6472
3904
12948
2714
6766
4757
12042
9405
8790
13573
9251
11569
2522
6753
7983
4805
11923
4623
13632
7974
13042
7739
15084
7956
14908
14706
12993
9544
9423
7732
3038
10365
10027
7288
14130
6350
7648
13389
13913
4973
487
6258
10617
3096
11195
4463
11902
15119
648
13256
7179
11337
6067
5125
6134
1051
13780
6832
2729
6111
14513
2859
9524
5829
14420
14774
5920
9224
9511
5041
12212
12891
3085
526
8324
13442
9714
11592
14598
11105
6588
11846
6909
579
3648
2053
2401
12037
13360
544
794
13813
11288
15239
2391
3379
12779
3954
11931
14481
15093
6568
933
67
12436
2310
11324
8746
6608
8785
5215
1211
14677
11610
8006
13767
500
14789
106
4206
14120
12030
4610
10884
7845
9870
12006
1877
2593
12059
13802
12347
14411
2880
3103
12220
389
7879
13316
10146
9843
3323
9180
4761
423
2873
9231
15161
2081
10083
12494
6549
14634
58
8959
10065
11079
12359
10016
11925
953
7903
6700
2572
12053
6199
11126
8944
8581
10318
9
6016
1601
558
6847
10175
11244
8647
15359
5260
3642
1073
2842
10806
7742
11679
4173
5549
10774
12535
10642
7532
4106
8565
2798
6543
874
3304
10812
728
14813
6272
2016
14465
11911
11100
14040
5198
307
6349
7074
10929
230
1343
6615
14848
6017
15147
6038
6120
8075
6209
11599
2165
3081
3952
2380
6624
4075
1009
5306
10389
13991
12440
12403
1243
620
15041
119
9251
2376
5170
915
5611
9177
8961
1323
6397
3901
11892
11744
3834
14119
4822
14015
11495
2414
5479
11706
7243
7200
5753
12518
956
9561
6470
1491
2547
6855
14859
9389
13410
13754
6651
3368
4480
6872
8703
1177
3576
7942
9750
2403
2668
8780
1605
12408
7805
5689
8828
9815
13592
13523
12313
4904
11863
14035
613
516
14651
1441
4575
14575
3726
3769
8067
2722
4233
2743
15220
6357
14675
612
3298
10319
5704
11110
7267
9271
3687
4507
12334
9401
6285
1162
7432
10760
2105
9754
11288
9620
13636
12568
1427
12998
4642
11234
2181
12449
13441
9207
3849
14019
4256
13397
1829
2183
6968
7522
8099
14305
659
15105
9477
7688
12272
5667
3960
7477
13143
14613
7097
12171
6638
930
10683
8248
6188
13223
13876
10330
2792
5306
2727
12759
8199
13804
748
8380
2743
5789
14905
14659
5944
7787
15010
7663
64
5459
15112
6696
14393
13226
14295
10728
8062
1810
6868
11985
9322
13714
2373
2262
390
14589
845
15074
7140
5412
3045
11301
4898
10036
2750
991
9322
12572
5046
5738
6849
10733
580
2557
12436
8009
14749
14015
13803
6955
14915
11744
329
279
15015
13505
3695
1404
11230
830
10247
12004
5277
5619
6545
11868
6421
4272
15152
4028
11783
6486
798
5387
9025
11874
6068
2802
9847
15222
797
10172
6406
8281
321
6592
13145
10927
3822
4704
2504
1615
4394
14333
3155
1630
2303
3845
5514
11337
7206
13308
4363
9777
15056
8503
6925
13398
727
13065
6518
82
5152
1476
888
4102
15343
4133
13952
9788
12394
936
5345
7998
14906
12339
3548
7339
1779
2725
12741
748
7723
12051
751
1056
4170
10545
9203
2017
13562
1432
12290
14472
6823
9493
12001
2305
4271
7053
12730
3160
11567
4176
7127
4472
13571
3242
5439
13490
4244
2946
744
5228
14555
11961
3023
8025
8453
10465
5001
3278
14825
6413
7974
9929
4990
6430
7512
12201
9759
9276
1433
6011
5599
6625
2168
4679
3014
4215
3770
939
11810
4384
8553
366
4306
5099
6558
2009
12641
11728
3427
2844
6478
14321
1698
10865
11510
12119
330
1018
754
8458
1900
15137
12215
11691
3945
3482
9601
13096
1300
2047
10940
6211
4411
11502
5078
4485
13815
3592
621
10160
639
4988
8355
8679
5580
3739
13366
10505
6314
13344
11647
874
11943
5216
13888
11885
15349
252
6006
10987
2358
4379
8360
11964
1267
13967
2141
1522
7685
255
8539
14512
12538
7109
5979
10188
2019
8421
2086
13282
9571
8281
4335
3261
290
5513
7676
7580
11027
14657
14653
7314
2577
10219
2543
13018
9873
12273
5141
14471
14291
12732
6729
2198
6286
3732
4396
3810
13190
8655
11850
8546
3332
6079
4835
830
9901
9579
9567
10149
12148
14296
8614
1941
14481
14266
2142
12034
8695
3950
3873
13404
10845
9222
2129
1878
778
14321
9846
11301
9613
2350
7943
13435
13754
7501
8074
9992
6949
386
3971
2256
7029
4965
5848
8983
5132
4654
8306
6379
10390
13915
12253
7266
1768
12518
10121
4406
8300
6516
10343
5394
8268
11629
4315
7028
8980
11082
2999
3102
5998
10172
13922
13953
706
8911
882
14919
7656
181
7904
6690
4931
14767
252
11528
14803
1494
2778
2632
11638
3685
14923
3877
12581
8493
1288
3642
12933
2456
10287
7041
10819
5876
1381
8359
6392
1249
3238
10124
2263
13841
11542
4761
7913
9055
10860
1480
3296
5069
9805
14831
7848
14141
5557
5771
2462
2229
11132
852
6191
842
9455
2014
7371
13157
14681
8998
6050
1189
1791
7418
9558
284
5174
4491
2592
11666
4747
6708
11467
10475
6841
11448
1412
8360
7878
9625
14295
9215
2884
5798
8641
13658
11379
8261
12622
7555
224
7615
4250
3347
14285
11480
2383
6437
942
9738
2468
806
1330
1134
5843
13021
5749
1675
2314
3840
13158
13010
5949
12642
6127
13523
14855
6618
255
14338
6551
1004
9723
10699
8840
5316
12440
14266
13835
10355
933
4582
2211
6671
6136
6314
5867
9052
10837
374
7368
11920
10617
4727
3196
2021
13370
11442
1327
10591
1743
7484
13579
4715
8748
3281
13033
8562
5825
9224
6163
10780
12074
6398
4057
5224
7275
6950
10300
11925
14781
10094
5195
8519
9430
10358
6911
4179
14562
11982
1035
6039
14439
2361
8399
5392
10127
13959
2746
14462
2608
209
6702
885
14396
4566
26
1243
5641
2098
10119
12970
11717
10219
12471
15178
6761
6863
7232
11083
11451
8172
14766
3870
9472
1876
14328
13628
6530
2719
2169
12638
5729
8173
10048
14878
4036
5410
252
3161
639
13917
3762
5601
14661
7216
6545
12137
7027
1947
7029
5174
3337
6357
6261
11037
7950
14403
6756
12225
407
7517
2293
8811
14122
11
13978
481
10468
285
2373
263
13507
1201
1670
2423
11140
638
14673
9574
3164
13834
1912
13187
13177
8064
2655
2569
12621
13681
13222
11708
11719
9484
4165
9349
13432
9267
6020
15181
9980
8761
14204
12610
14974
5241
10339
7452
9641
4064
7807
15128
13393
7995
4006
8285
433
5174
186
2597
2272
8105
11022
2749
2729
4078
5498
10153
7080
5117
29
8764
15113
2578
2993
4647
9
12413
9466
13808
4526
7528
4652
9463
2935
3408
9487
6930
11965
13696
82
14336
8566
781
13689
6678
13907
3428
14283
1391
10418
371
8658
9105
11272
9153
3736
8241
12575
4393
9159
279
12652
14375
8046
11576
7151
9610
8883
10542
247
5493
14485
14261
14384
3950
11176
12989
14575
7581
1754
6157
7230
2648
10191
13436
3819
11394
9989
10930
3761
7706
7991
3452
13492
14336
2528
4352
12055
9838
10590
6022
12067
7307
10431
8564
11256
14491
9519
2388
10281
11736
1763
323
4683
10743
15101
4312
10779
5632
7624
15168
705
10711
1178
516
14983
4087
6942
12697
419
3284
4531
12129
6569
12996
3664
10543
1926
7006
944
7962
6493
15262
7781
6545
10957
7147
5520
3141
13214
5224
14994
6104
1143
11761
12824
6745
629
2735
13085
5744
11783
4516
3250
11583
13832
6452
4227
6344
15311
5249
12329
6184
556
4082
2804
8880
5059
11097
15036
4591
4800
12829
6536
6490
7934
13135
3379
8130
4362
1819
9156
8379
4820
5818
6964
1262
4140
11312
10653
45
13535
8041
13790
8227
4379
6173
4550
11143
14411
7607
13151
11189
14128
8972
14070
9453
10274
11870
12906
4585
6599
2451
11946
12703
11091
501
12473
12570
2949
6407
6623
13481
9191
1250
5745
8429
1109
13809
2301
6514
13564
11379
5320
4236
14622
1164
9984
5183
9437
4721
11029
11762
5873
9788
9758
7101
2267
6829
11871
11575
6328
14874
8843
11299
101
9517
1917
4368
13755
5532
4227
1920
382
7758
14901
1794
9231
9066
10174
1980
9888
3267
12578
15049
5175
6516
2598
12545
13985
12862
8734
9224
925
818
1014
14333
10007
5274
13024
6188
4285
9736
5962
8832
4564
7539
1052
4634
3505
6985
8755
5888
6510
15020
11778
2738
14905
3655
1581
1205
3256
13746
53
2767
15194
13055
2012
8050
12226
12061
7504
6082
4712
2290
917
8828
3847
8590
12081
14144
5062
6313
13013
4541
10038
7717
13364
6104
6617
565
10883
12566
10907
11068
1695
13667
2915
1467
11670
3848
9574
9099
9755
4375
14822
12025
1028
4705
5126
2546
8970
6789
9305
15223
12364
12152
8656
7627
2274
3017
11593
14273
5334
11574
1165
9881
15184
5065
4102
4854
2809
6523
912
6909
3655
1866
15056
10292
5333
11083
5263
2479
12223
1929
2644
2853
7200
13413
5424
11
6799
749
8266
13011
3586
14844
13611
11899
12828
4875
9465
1476
10577
7196
14350
11688
8426
14830
14581
4585
9354
2527
14774
7354
13507
881
14629
13045
7271
6989
251
13764
6444
3201
6944
2417
8353
380
7923
1738
4654
12932
4694
11525
7129
5296
4848
12457
7543
5058
5696
14665
4712
12552
6750
9546
2571
390
15297
1158
7322
9297
14847
2100
1596
10421
9871
13259
15251
13367
7834
7994
7176
3487
8752
6399
14469
14356
13626
4025
3238
9112
10928
3040
2390
3235
3253
688
7747
10289
9805
81
4190
10589
13739
5000
10129
14405
9557
13085
5152
11150
1830
3171
658
1933
10009
6135
12627
7306
5635
7861
12570
532
9853
8049
710
12735
15066
217
2843
7668
450
1692
4696
7913
7627
4463
81
804
648
234
9340
1209
9007
9206
7491
10100
14401
5535
14335
2066
1589
11581
14328
4434
3629
11974
802
12902
13030
10410
7879
4864
7591
3262
5010
9637
8554
3723
11763
7826
12414
15347
1013
3884
5361
7020
8686
9105
12302
7782
4338
6162
5505
10870
7482
3053
14169
2388
4286
13626
9701
7200
14770
6917
6419
11458
9442
2457
3834
12161
13585
2492
9938
2641
4844
4375
9602
6239
3400
11924
11018
8066
461
7116
3391
4512
13635
12651
6178
5075
2043
10451
4896
4515
3529
15113
1377
1564
13306
5634
7215
1948
395
12629
6244
7220
1497
14867
12963
7894
14109
14184
2440
12910
7357
3974
9607
11528
12423
2955
2664
3641
10498
10836
8134
6217
2135
217
8921
1709
9758
9796
8953
4176
938
10455
1548
1103
7081
9966
12287
11833
14143
8918
725
4261
11316
13101
6358
1421
13786
4629
2135
14990
6596
14790
2530
5915
10113
6822
7657
9645
3085
3624
7291
13697
9391
2463
5135
12331
8782
10399
11836
2418
916
3517
9786
9639
45
7411
6741
10017
2235
13005
6840
13863
11296
5858
14351
8724
8677
10942
11913
12392
2717
7166
11209
9854
11097
6930
686
14937
14294
14885
8634
10079
12544
14758
2962
8768
5810
4382
2975
8266
859
4040
14045
1290
9140
4638
14763
13519
1446
3006
8432
7971
11718
2468
274
12034
1353
5665
9771
367
8917
13009
8830
2845
13605
8235
12589
12031
13402
3444
14383
9255
9930
9516
12709
95
12720
10252
12785
121
13421
1518
3161
8463
5675
7553
15330
9533
7224
10826
5326
5112
5856
2511
9621
2615
4305
13821
5700
13646
9838
5223
14378
10981
11410
13580
15308
13392
3034
3706
5765
3693
6798
4809
4324
11201
3662
12868
10421
8556
13843
3174
13296
4831
2590
9550
13566
822
15343
2337
12885
9581
4262
13135
9961
8191
8860
15138
11039
1667
9033
13209
990
4971
5877
7612
3936
5822
4498
1933
5099
4720
3350
1119
5740
1602
10384
14583
14327
884
6338
5523
11876
14769
6064
119
4882
12512
2882
10810
8864
999
12880
4230
8991
8779
4479
5730
2800
10518
5514
5549
2179
1080
6087
15025
8663
14001
4202
11
223
6627
6221
7889
7407
6618
7297
6244
7522
72
14648
11221
6239
8943
3567
4662
8811
1104
2729
4565
2991
13003
122
8453
13327
10273
914
15105
7555
14
11309
9460
894
6297
14651
1967
3371
525
2412
2642
2481
14065
14833
7243
11036
10804
2473
6281
15050
2149
5810
1822
10815
5700
14279
4381
5611
12715
11544
10037
940
296
6798
13787
8304
11332
1393
9766
1102
1024
7452
12406
12778
931
7687
10755
2314
3337
11471
937
15188
14797
6545
11083
9456
7654
15110
9508
662
600
11093
11800
2627
1247
7025
14455
7638
6209
10595
1081
2904
6340
10997
6419
15253
11062
5082
5359
11384
528
5706
2140
10772
4066
2946
12120
11523
14968
6090
839
3579
10114
4900
10800
10572
204
6353
2491
2835
9943
7450
11078
12136
8476
12850
14269
1383
8322
10149
516
12708
10088
10702
12326
5310
15318
3806
11834
11483
6813
10551
10820
10225
375
4681
5706
822
8048
3620
7507
6224
12611
13941
11740
5913
12797
15144
5646
10458
6943
4603
13509
15340
13128
10686
7813
12054
3322
5792
15065
11926
9326
14165
14581
9749
10370
3172
12687
14010
9082
155
12887
4655
10010
8825
2929
3710
9021
13895
12638
6621
11102
9502
7895
15368
10833
7606
7011
13468
7786
2158
2410
12799
4895
1233
13075
7557
6142
8407
13187
13071
3871
11170
7000
9908
14929
9438
5246
10092
6319
2137
12882
1331
3135
15356
12039
1597
6050
3741
13647
12695
2879
1868
13881
7177
12575
3645
10140
11635
14139
8701
2443
11488
15010
9900
15254
394
13706
11560
5054
1025
5016
7303
15015
4120
27
4761
8618
12673
12257
7139
12769
13753
12659
1818
2160
9299
6359
14535
2457
6575
11001
10027
2445
1944
10736
13136
1589
14044
8621
8883
13512
6354
2453
14970
5027
1343
8782
10240
13724
13850
11618
5410
8210
3935
2824
10426
1889
5940
430
2080
15130
5075
2844
5216
4652
10067
5612
15234
1534
994
9191
10751
13000
6615
6520
1156
3718
160
7922
14085
10244
3409
10702
11887
3813
9998
8240
4574
9310
7073
5783
6613
2091
13252
12133
11120
10190
7518
13460
4036
5040
15100
14187
2
7760
665
13737
2140
2288
6617
6089
9669
14158
10447
1743
69
11246
7224
4073
2659
1226
8756
4071
10278
4428
1079
13960
14283
6250
10072
2845
7723
7594
4064
8943
9888
12360
224
197
10067
5247
1177
11864
4362
8204
2782
13120
7445
1777
4363
10987
3536
3466
6362
12411
5583
440
9479
8718
6241
8293
3499
12799
9335
15351
1590
5543
1004
13215
107
5934
11788
414
15202
8824
3753
8687
4688
12807
11794
7299
3381
13458
3610
5908
944
2644
9474
6755
3330
2869
6189
8317
8528
603
5242
9333
12958
8285
10460
10400
10852
9996
7223
13730
4874
10641
7264
7750
9517
12328
3647
9810
11949
8618
15130
2854
510
5050
11112
7353
1396
13497
9607
10913
12506
10819
4592
12070
2248
15025
11383
8240
9565
4474
12898
5859
1978
998
8120
1791
8660
673
8659
333
3097
11317
14154
13455
13665
3040
3600
5743
864
14212
11792
547
9813
14631
12750
343
1649
1570
546
14863
3908
10955
1895
7153
4073
7080
13387
10998
15035
9832
14560
12114
6692
10768
662
2939
4857
4771
12002
10862
13705
15168
10160
2609
14472
264
13649
10188
7846
2378
7924
14281
1374
4863
4481
9801
13344
15127
2675
8411
743
13648
12773
3038
12471
13818
11384
13728
8018
6954
1036
2683
4998
4773
6048
6322
7352
1007
8376
11452
7737
3632
950
1375
12308
6543
11012
5526
4120
5647
8370
6561
8659
9571
2295
2096
4053
9006
11904
1657
9496
8509
5965
40
4686
1702
3785
7359
5772
2805
5194
11523
7408
6827
724
6332
127
8446
11236
13246
9591
13617
14424
3249
12754
2911
11776
10022
7802
3061
10155
9774
4795
10883
1510
6653
209
9392
2567
12753
64
13727
5142
9590
10843
5969
14417
6948
12723
11746
6415
8994
11422
4467
8849
10882
10697
10096
10762
6482
10632
3210
9799
12581
827
6594
11416
9761
2261
6216
4251
11753
14080
3316
11668
14432
6262
14849
11823
10806
11641
5787
10348
7044
13339
9670
4334
13952
5522
9342
14631
10714
8762
190
4087
11448
13379
243
12501
2724
14331
3122
12110
2460
6681
15210
14882
15132
10408
6468
543
14757
469
691
4239
8064
11696
4049
9195
12729
3992
8304
12891
7686
14877
5550
12212
1492
6231
5231
5675
1485
14734
7781
10381
9615
10378
618
13595
13015
14649
15186
11302
3873
10244
8417
6140
7727
2006
5382
11826
1118
9490
320
4202
7501
15281
6316
9050
14973
8580
4289
11452
7964
12166
3123
555
9745
102
6644
13721
8699
9075
12732
5555
13686
11792
3790
4364
8934
455
1378
4184
7368
13557
14976
3717
4395
10967
2573
1471
856
8155
11628
9246
6375
13326
14252
397
5934
11365
9278
5534
1518
8533
2507
3045
8537
230
4918
4995
1912
7124
1615
9967
530
7481
650
9126
3017
4526
14930
14498
14612
1141
7887
1037
2541
14308
3932
11409
7120
7573
6664
2278
6175
194
9065
12997
3288
4134
878
8668
9480
13783
3999
7675
9302
2900
1079
4209
6214
4438
3011
11458
10289
12137
13938
1568
13491
13307
3988
507
7882
3065
1850
6788
14625
4851
5238
4391
13993
14280
6967
7213
13100
8676
12624
2072
10953
5349
5007
3514
14175
3441
6688
5615
4392
3933
1661
14356
9466
13325
6288
6259
11142
1983
9312
13472
7424
13113
8633
9408
9226
10275
12100
10672
6202
8511
574
11354
14707
11331
13306
1171
2011
369
12360
8802
8665
8441
12987
13937
10227
4833
13128
973
14219
6716
12843
8212
7601
2864
5371
8050
11302
15244
3781
4387
11752
9348
12026
10129
2398
9939
1326
2028
1308
3931
3002
12794
5543
6278
14084
9546
12155
8144
13753
10075
80
6629
10401
13377
1080
7041
2295
893
10277
12073
1271
1362
10610
7943
8445
10864
2391
13626
6525
9500
1587
11229
5476
8499
2715
7227
12755
7586
9874
14396
5359
8246
3377
10384
9615
10188
11065
2028
311
7777
10354
6383
11427
6996
509
13999
1653
2895
1312
9509
9508
6730
2033
12352
9966
4089
8933
10132
3299
8953
6792
12678
528
5727
142
9502
10597
5854
11659
6578
11915
14800
2279
12781
1135
432
13790
2243
8412
501
4634
5995
4208
5141
7624
995
2196
13213
11421
11440
6256
11888
14655
3728
5495
7952
6149
15230
13561
7814
7016
12293
5201
10076
6826
11999
3606
10211
904
14239
5979
370
7553
5133
1716
6790
10701
6261
12610
12181
6904
13240
1568
391
14595
7323
2767
7814
10979
9686
15050
4696
9641
3946
6422
6410
8063
8347
10772
2043
5188
4094
14582
1785
15168
9223
234
11080
14156
10860
10832
8305
9371
13203
3563
9967
7500
569
2683
11650
11887
3605
5312
1472
15044
1003
13973
12491
8516
5466
6342
14083
10306
2769
2165
7992
6303
7904
3669
6170
5979
13952
3031
4023
9642
15348
2507
2391
12665
15092
8657
13079
14340
2160
6309
14401
9274
589
4241
8572
10530
10917
9561
14507
1835
1910
3440
8207
12584
5554
3074
2737
11565
71
10681
6161
9840
9751
12647
4877
2319
14746
107
10999
7276
7973
4502
9280
3764
6534
8773
3653
5804
11480
3922
1958
11520
7808
10089
11879
2099
108
9904
5206
5638
11018
14352
10733
440
57
13615
7417
4543
4548
2005
1300
866
7492
13807
12821
9653
15236
14368
956
4972
8024
8042
1411
2654
5694
2298
14632
2242
944
12978
11229
6201
8426
6008
5376
15340
5850
10332
10700
14213
13488
814
9850
4476
1082
15210
2460
13850
5845
10251
2422
1890
3738
4771
2518
7006
14877
100
6796
2018
9570
15265
12782
8608
3858
11766
4934
10442
7695
3824
9160
7198
6181
2409
972
4198
812
14956
13154
10947
853
4467
12637
13935
2659
5294
2813
10017
631
8231
2203
11860
6741
1216
5729
11932
7949
2266
13619
13136
7531
1612
12904
5409
2471
5208
5608
6536
2545
6540
12021
10278
11771
8818
9824
8715
10603
10883
12664
6066
14046
4131
11399
12226
539
2872
9120
3021
5163
7401
11724
6546
11820
3420
8118
14860
13288
7756
5026
5641
4610
14387
12450
9423
6752
1505
13216
10627
8440
5119
4941
6355
15064
7818
10305
3197
1667
6298
44
9308
2329
6580
3119
11978
7821
13768
12058
8966
741
14343
912
15340
5625
3059
6558
6390
2271
7302
977
14426
4467
5515
12432
2576
400
13949
6067
3760
1590
8229
11339
5536
14745
7868
6029
2872
6295
7491
5604
8321
2393
8553
6204
5003
1407
6085
289
9611
14643
704
14050
12451
2082
7623
3694
9104
2354
3311
650
3828
14788
12065
1577
6239
11527
14286
9399
1975
9288
2488
9607
199
3969
4530
1884
10827
4850
2718
2517
4830
3326
403
5038
3186
12977
14671
13436
4798
14575
11052
4041
3625
14547
13479
13907
7075
8334
6133
767
13334
14239
8618
1305
7484
6871
1053
4203
1054
1223
3057
11186
8857
9308
6855
12388
9949
1747
13119
8209
13156
1724
319
10765
15008
14004
6411
14698
14767
7432
5005
4526
2375
11393
2271
9228
9745
13875
522
12639
6048
4327
7374
1123
12931
12690
1003
5635
13214
3160
15333
2762
134
13502
3263
7322
241
13695
13513
7321
2174
15222
9426
3936
1393
10087
8190
9546
1912
4948
10462
7236
10518
2126
11169
13590
278
7644
1509
6611
9857
14354
11511
9207
8903
10831
888
7351
14978
13609
10183
10288
2268
5272
3706
1786
10654
6531
13780
10210
8857
10248
15090
10540
15297
7881
3775
6802
1801
1512
2633
2875
6465
3213
6263
7087
11036
11798
739
9876
9275
2188
8034
4573
7773
6405
12640
1974
7800
572
12182
1697
7732
2205
3983
6282
15202
12039
3300
1375
7493
13034
11672
3631
14628
14074
11247
5187
9581
8024
8349
10230
1903
816
12462
9035
1446
7487
11788
2013
14882
14685
8823
11205
12443
13886
13334
8925
8060
6241
13291
4280
710
5843
7272
8970
13479
6258
2879
140
3302
8488
13490
11971
4017
11318
3255
1069
9441
3392
1686
2500
10687
11500
3764
4213
4561
7655
4156
2006
2704
3427
5508
11874
10735
14385
4522
13953
6850
10564
6308
756
11383
1883
6175
1113
3139
4956
8394
10975
11184
13690
1995
14274
6989
14696
14026
2390
8859
14020
10518
6655
13130
7334
9307
541
5791
4695
10346
8337
3925
15001
8742
13828
13112
2422
12222
3593
1190
9785
13722
10376
15241
101
5633
7397
6222
1593
10938
12436
13656
1303
762
9342
12935
4769
7543
13849
9267
7938
9645
11532
13200
1678
7093
7576
9964
1960
14675
11813
14798
5832
2597
13242
10232
1283
6229
11591
5562
8619
14749
3300
15293
11721
10154
7420
1160
10480
5628
1611
12558
412
8675
13734
5094
3385
15217
9658
6559
1033
10310
2201
15191
10211
12543
4786
13777
11912
12965
8516
14403
3394
236
2770
4085
9115
6398
1614
4165
12478
15167
178
6426
12678
14433
6892
9647
14721
4071
11176
7816
2501
4040
1511
5804
1908
9750
6717
12133
4550
9888
12259
11961
10081
10217
14722
15215
8769
13138
9975
2923
1971
9058
1945
493
12509
14005
4819
2682
14617
10784
7397
11132
9906
14435
2381
12141
1548
9712
11092
7134
7507
7981
11110
12442
2265
6120
6719
514
30
5339
1928
2945
8430
4025
3648
12735
4321
7947
9065
14229
14933
275
11322
12088
8469
8309
15122
10773
2978
1701
1589
13524
7725
3921
4271
7699
1868
926
9509
2188
8789
3387
13029
2519
11689
8999
6208
5775
6568
450
6349
9330
11006
8081
10865
399
12654
11374
8741
3178
7309
4044
6504
6804
5935
8792
100
1838
819
2095
7123
4609
10874
13768
4456
7299
7468
12676
10697
5048
7679
6651
10940
10001
9088
1749
14279
3423
3047
13359
6000
7096
6917
7253
875
11513
14957
5274
9066
7099
9267
6398
9510
8539
3317
4187
597
556
12219
5532
13176
10655
614
14857
5715
655
12379
2310
14836
6664
5717
7412
3616
662
10246
5199
8890
2560
8254
14021
3856
7916
14985
1919
11659
2129
7733
9468
15137
412
15090
1493
95
7385
10151
9328
14802
211
8829
6726
5321
6056
14187
3329
6636
15363
14776
745
2055
6824
8425
11816
2093
14517
7913
14066
13738
3709
15089
1224
14922
15090
14343
1360
12930
14119
2752
10810
12959
9378
986
647
6278
14158
13667
8162
185
3308
4350
7756
2045
11061
3460
13701
5068
8138
3412
2848
4195
5897
11481
12972
1642
8263
13174
12915
9038
10828
10412
10714
15216
14122
13547
2705
13568
5254
2203
10142
9597
9723
9484
13415
10748
8693
11282
6130
3989
1225
2954
12628
8477
4028
4973
10409
6223
4288
14213
7785
15372
8740
2703
8066
6807
13250
3352
5122
10272
4962
11180
6745
23
15317
3361
6858
13971
8401
3803
10291
11657
11540
5935
11279
4264
4346
13188
14761
5692
9441
13368
10396
4187
10363
2286
9206
3570
13174
7519
7882
5411
9231
13048
4561
9087
10796
13047
3472
4489
12885
8915
15237
408
12853
5086
2303
12618
6580
9878
2408
2
10285
8570
9844
10177
15019
13907
68
13515
11403
12926
3710
9121
12536
2100
6929
2682
12838
9165
7774
947
7317
11535
6275
13117
12062
8332
7594
2237
12657
13082
3609
9292
1516
15148
1183
14626
15085
6580
10625
10809
12560
3412
2269
13867
5412
8659
10643
2954
3469
13111
5015
5695
8087
12863
11839
6432
13336
4813
10083
8799
2365
10919
5438
1859
8791
6887
10205
11788
6455
238
15164
4718
968
10581
5535
1933
13000
15235
2135
10446
1041
7465
6546
9982
5338
13010
1718
10162
8176
11344
1759
13631
8556
1647
4775
10015
8783
2515
1173
908
7787
11053
7405
7000
15107
11765
10959
3528
5655
14362
15009
12952
1504
6146
9192
13462
789
3076
6576
678
7392
7253
9532
981
12297
7004
9973
3989
15001
1190
10630
119
6078
8436
7333
15275
3786
7929
13926
7020
12242
15191
5666
10289
7390
12331
10444
7083
7688
11638
1465
12565
5079
8529
6525
15083
11890
389
717
1256
3420
7919
7955
13655
4336
12292
1937
7608
3069
624
11828
10561
2707
10854
13337
4120
338
6896
3798
6019
3649
2353
3981
15366
3893
6900
1104
2358
11374
11598
3608
1726
7005
9529
13108
9550
13601
11919
12146
4416
14670
9180
3111
14207
10011
10284
11851
7006
14551
3739
11718
10255
6965
2417
4104
11495
8800
4075
2748
14894
14688
7022
4151
9720
14589
9363
11621
13450
10991
2438
1315
13376
1864
10479
10480
14387
10832
13867
5303
12086
12091
10055
1154
14170
2802
13541
5538
5205
11952
9457
1044
10970
10188
516
8738
7352
12640
5851
9529
5725
8802
9938
7490
14241
9932
5958
9625
5627
5145
14530
12124
15161
9003
14008
9279
5997
13528
10262
9659
8998
5440
11221
1318
5623
11003
2781
630
236
1679
11804
6646
15205
2287
10849
13688
2017
3377
2800
5170
12524
1097
10750
12118
14169
8646
4853
9890
3902
5497
9774
3415
1893
1225
2250
2774
12200
14940
14233
9691
11080
13735
11355
12989
8952
10571
9678
11647
1540
8651
14127
4593
3299
15266
3306
10286
11619
6200
5350
1570
4939
7226
14858
13715
11047
10100
14421
12655
12908
8591
5865
14788
13972
189
6108
12143
7893
10258
2647
8489
240
9169
1532
8703
9957
4294
13773
14393
1846
11088
7059
14801
2529
13275
5511
4201
12639
13505
7823
4273
4714
10000
9127
1660
13964
11009
6659
5567
8880
9196
7639
9266
9431
68
2315
8042
2473
2775
14066
14870
3755
10297
10598
3146
1614
8297
1030
11845
2387
11634
10725
7992
14289
12908
7959
645
8315
9406
10718
11652
7605
308
8743
10772
10200
6366
1112
4407
15289
6377
700
5489
15285
734
1086
14943
12505
6877
11875
14939
5534
15290
11581
13445
6437
14143
9958
2107
8800
7724
7755
14795
7339
5523
9621
2911
5686
9032
5831
10771
9767
14350
14063
872
56
2966
5679
11075
4697
4573
9832
2514
14787
7823
2478
7244
14362
1656
10783
11448
5845
2678
11364
5644
1757
6693
6479
1568
1094
12897
6709
5946
11457
7399
11008
4311
6063
5024
10267
5795
6263
608
9650
12701
11892
8213
1955
8695
389
14975
12170
13332
4146
4424
9041
6365
945
10212
10841
13138
994
12876
2610
5202
11924
2335
8479
12730
4421
1014
10623
13381
14393
6718
5526
14451
386
13905
1033
4325
6613
3977
13374
114
7969
10908
6499
12495
7293
12233
9967
5764
3325
10533
10439
9624
2430
5103
1095
6454
14889
12248
4122
3782
9413
3552
9758
6973
11253
9274
12536
9505
5397
14274
10258
1907
184
9387
7066
10143
12689
469
2377
11287
6776
5270
8180
2484
14094
10861
6106
11939
686
11253
2214
9444
2415
9599
12601
11355
13801
9623
9925
3634
15034
3298
3510
3847
3200
7359
10345
6995
2591
1159
4603
1170
13948
12866
2002
5176
12981
9304
11832
4938
13212
465
8486
6364
8487
2108
9311
7526
10119
11146
8320
6006
7617
9656
3047
9282
13569
5723
11693
8003
10347
10418
4275
15191
12769
13385
14621
117
11909
7118
8552
6092
4824
9440
6746
1796
12049
8845
3035
14891
2701
8428
5002
3685
1873
12982
1011
6772
6997
14831
7054
12400
1650
14305
12890
14038
9493
7399
7992
7885
4008
11401
5086
5610
11633
9938
3204
8478
2171
8744
7931
8074
13651
8980
5386
12983
1286
3852
298
3633
6377
11396
8075
2764
6184
4789
7121
4699
9427
887
12536
8676
11335
4096
3320
5586
3600
5214
12983
8883
1509
1613
12025
6260
3283
12612
9546
3276
1890
10099
13099
8561
6493
4066
3704
9205
7068
8152
8610
12773
7778
3339
10902
2467
9721
7200
3873
6470
11659
9592
14611
10422
962
13444
2179
4675
1371
3211
13816
13382
2086
12561
5673
13536
6938
2293
7469
10577
1561
5423
15159
12279
11754
12138
8933
1998
2850
5594
5541
8252
5765
14984
4577
8890
9290
11550
13373
8587
9144
9244
9210
5209
9237
3257
12772
7007
8554
14131
9544
5216
12132
5667
5264
3089
12786
9156
9151
11776
7153
2539
15333
7535
13917
2333
14352
8667
1302
2698
6683
1066
13635
2000
9432
9821
10537
602
13995
342
11742
7972
15087
3869
2088
10059
8515
5697
10310
9217
14183
12685
11038
1640
374
14980
11279
13652
8343
3088
15091
7564
416
10358
2024
4131
3922
3402
398
13809
11154
5274
13538
11424
1282
525
9073
12056
1305
1824
5332
6914
1701
7714
7861
11337
1722
10225
9799
12556
6764
5470
938
4357
14064
3220
4640
982
15351
8070
7526
470
4775
10463
4707
13150
8262
11055
4300
6778
5693
9749
8176
6666
12925
9595
11111
926
9601
4670
901
5703
3262
1154
10027
12772
6356
6585
6399
7738
10614
5565
7073
5479
6363
13644
15056
2078
9857
12231
896
526
9052
4251
14982
5376
12989
3876
5300
6646
9895
3473
8949
397
9621
1103
11414
12316
6082
3906
13893
7064
5261
6705
15060
3795
3997
333
8871
9284
6357
8051
11619
9443
8090
1474
13921
11033
10579
13036
4162
8975
5432
3374
1910
5272
6243
11812
4034
10131
816
4664
698
7037
9836
1640
1881
1927
9728
9618
4279
5420
2771
1080
12856
2666
8910
2575
290
12990
1892
11700
13969
3539
8843
8233
10988
3542
14005
341
8586
1147
1838
9046
1102
14301
7509
1837
4458
3596
295
7182
2141
8181
13603
3110
8897
7700
10845
4982
9335
4068
7758
1789
921
2922
13114
10956
1989
2218
13343
2837
96
6340
2414
3554
14282
15300
2918
14653
3855
472
7383
3377
10240
14507
9837
13360
7912
8547
11168
12358
7186
12763
8254
3441
5127
11270
12586
1492
2762
6353
2590
7875
7099
6656
2218
3549
3532
4283
5434
2297
5533
15162
8180
3989
9928
8435
217
14890
272
6585
9690
474
1924
8631
7961
13966
8473
12499
4113
10289
12822
13858
14977
11053
2473
3995
6003
6085
4767
15135
7106
8169
7498
15150
585
9866
12669
8234
9773
6399
9133
5920
4896
2728
12911
757
2180
3262
2711
7377
1060
8488
7751
5351
1877
12066
3063
11747
10014
10451
1196
13668
3445
8333
3664
2717
7381
15084
13129
12334
1777
4058
5124
7151
1119
1000
1561
7040
12934
1487
6201
11248
11414
4034
12319
8127
13141
6742
12341
1784
8279
158
14653
13391
957
1393
11690
6884
4282
15235
1688
4708
12372
11399
4447
3676
438
11041
5249
5706
12145
10600
11112
11015
13243
10323
12502
2131
14236
1707
161
4012
7451
11113
12110
4689
9601
12343
15307
5900
13376
5370
4715
7906
5325
4692
2319
5154
12040
13046
4055
7020
6106
7713
4268
11475
11886
391
13750
1883
14847
1845
5836
9721
7423
8469
4755
550
10786
10249
1498
8889
15321
14379
6031
12495
12180
11543
11230
3038
6788
9134
7537
11324
15135
11775
6645
8208
5567
13950
1220
4524
5783
13153
12127
4183
10483
14020
1026
7284
887
13724
8572
11032
4361
14112
104
4712
4578
8251
3054
13412
1871
550
1568
11489
13207
5988
9381
8319
5013
124
5606
6741
623
14922
13897
4465
13006
4709
4443
4130
9949
3904
4423
8572
9847
8855
1588
4000
5828
12912
9738
4646
5117
4500
10180
14464
5113
7708
2732
14185
4119
8370
14040
8106
10760
13581
4255
5422
4159
7955
9916
11500
12281
11234
1070
3127
11486
5828
10372
11695
12896
6601
432
2536
15002
2025
12992
481
14252
5426
9011
7059
8538
12298
3008
5696
9741
469
7345
11145
13292
6181
11907
14117
7129
829
9626
7836
11431
8146
11495
6589
12323
11458
11169
15335
11342
9177
4866
7163
515
13141
11825
10294
12571
9243
14995
7622
5183
11374
2829
3150
9397
10440
4512
11570
12596
7062
2621
2065
14848
10664
13875
5945
5637
10433
7594
1522
9347
10968
11344
1192
14684
2979
7998
8225
66
11149
14484
5122
10645
13824
975
9986
8140
12035
15325
3035
8692
10187
7613
12997
1879
13094
10081
13373
4994
7219
15006
10255
11819
130
10165
8874
1784
1282
13456
3363
12497
7150
2208
1943
12934
15005
4560
8194
10163
4204
4249
956
4480
8954
9475
8417
9513
11454
13739
7446
10521
11105
13269
10697
13462
14821
3224
11560
5267
9332
9047
14204
5468
15294
10823
14334
14373
13429
2503
14720
5061
2068
8870
2568
5186
11696
273
3931
9692
13318
12754
4694
10746
1750
8760
7875
9993
10671
3738
14966
916
13161
10816
1130
6027
11137
9445
4904
11533
10712
11821
7683
5023
8065
4694
13387
7310
1801
10693
1273
3965
9200
14524
1724
819
1668
2141
5257
12703
9594
7746
13002
9217
5784
3877
12890
8861
9099
3122
7709
7584
4170
11879
935
13207
2753
8733
8394
8049
2912
1266
4013
13010
12320
2058
12503
4706
14401
10432
10225
3288
6120
327
9409
3654
14821
6455
3881
8195
3624
2200
5027
10917
6787
223
10080
2028
143
14358
2785
5413
13393
10513
5181
14760
7157
9015
6725
14819
2019
11735
7107
3464
3575
4870
3401
5654
8199
4851
2141
5960
9551
3369
3785
4632
7274
9410
1394
14611
10873
12195
11290
8589
12321
10194
7078
3180
5654
6927
11630
14833
3722
15367
9099
9198
92
13499
3794
11328
11917
11175
10293
10754
6011
14976
14722
9593
7077
11390
12943
7748
8889
9085
14418
3896
6884
8226
881
12759
4617
4871
13062
7500
14372
2794
1610
3148
1716
1267
165
8963
11647
14647
6698
6400
7560
10497
65
4572
6253
4079
984
4504
13494
1245
5220
2673
1935
8851
13463
3312
9135
11951
2361
12658
5395
13967
3589
6230
2250
13979
1208
3268
14913
6145
12090
13457
6003
13438
6758
5305
5181
11835
3862
1455
1464
13139
14951
9478
8616
13313
3591
4778
4988
1460
5283
2865
1140
6392
4074
14056
12345
1101
2001
3807
11998
9470
15076
8972
6870
671
10484
554
6256
8393
9680
14436
5661
14759
2514
777
13907
10549
11305
3017
4648
216
11355
9182
8742
14331
3230
1918
13809
3822
8947
7386
7359
1212
8711
20
2582
14087
7390
11709
3902
1249
4806
7226
11172
11249
11060
1663
5788
12001
12853
4123
8919
9436
10947
13918
11112
6400
7335
4127
2751
14335
8194
5909
9366
14200
14804
2518
13227
11425
9895
10782
12841
5938
4659
6582
9647
8206
13295
12219
645
6361
15046
1578
8435
12938
8032
8673
7968
195
9826
12895
11948
13041
7308
11898
12395
11114
3636
15355
1570
9526
2882
12918
12634
9432
10038
5032
10062
2615
6755
11993
8436
5001
14045
13005
11336
802
4039
9859
1800
370
1110
4117
5404
3950
3398
8743
15327
15217
3044
15105
8127
10651
7987
10691
6253
1967
9751
2456
7035
9700
14482
2593
2702
100
4909
13561
4976
10600
11168
3130
14399
2665
7753
1488
4529
14969
5238
3015
5847
635
2699
11256
14747
6209
14180
609
931
13179
4684
2366
13115
1417
9295
13193
2453
14707
13375
10969
13278
2261
14860
13038
4444
15057
6169
8099
543
1491
3287
7499
9633
6083
12544
7859
11798
5716
988
12284
908
9912
14590
7393
5040
12405
2107
343
12060
11396
14084
12519
14115
11501
317
2296
832
8811
10882
8609
14326
6342
11013
13125
6229
13290
14433
13785
1081
2095
8729
3079
2141
10797
9104
12596
8679
5972
5836
5599
2920
13566
10909
13474
9110
1871
15357
2020
4592
10585
13327
15148
14084
2098
5855
8197
886
8761
8332
7647
14650
8391
10714
8604
1302
1140
12511
161
9182
10460
14266
4713
8223
1879
8996
8268
8825
10906
204
9405
1757
7065
9932
15076
2873
3345
14456
4273
9791
5779
8962
6842
2754
232
5030
12821
6202
3598
2685
14507
14882
5009
14304
1886
3570
7610
13087
6737
4940
12194
9007
9
1496
12708
977
2955
8699
5939
7358
10993
3372
457
8444
7154
8149
12911
7
9858
2962
11412
9078
9572
10582
7797
3848
13848
1644
10702
4942
14386
5404
10686
11624
13744
8194
214
9965
8074
855
1770
7211
5984
4536
12432
14732
2234
15147
9980
6326
10923
2177
14235
2903
9946
13709
11693
588
6300
2678
1229
263
8261
7539
1028
11349
7779
4323
1794
824
9284
2237
2194
15087
6543
14297
4683
11349
10489
7797
8361
6592
10347
12248
1954
14297
15175
7461
10351
10516
7797
6932
10298
335
4131
4392
12015
3847
12718
14702
82
1075
9636
3857
5881
3291
4170
10580
7536
2194
263
2051
9680
9111
8261
8732
609
1747
5108
13778
918
4586
4854
5390
9650
12121
15087
5118
1152
6543
11415
6801
8324
15161
4123
6538
9859
11059
15175
140
5905
6089
7692
15270
147
11592
12991
14702
5434
3747
545
4795
403
8311
11460
13428
9333
11749
14392
10761
14420
9092
4189
8609
14342
6929
11535
221
4365
11023
9962
5885
13329
9245
10489
6865
11526
15084
12659
824
6335
3321
11028
8261
8134
9704
21
2482
11564
8889
11657
3656
9284
10784
2566
1776
7468
10291
11588
710
6112
539
10590
8633
247
2712
9180
972
5063
3740
4887
12767
10318
9187
14546
7797
11517
11053
2158
14791
14313
14297
705
2009
5685
3578
14985
8818
10355
12650
11458
3966
11215
14391
951
1831
7482
10693
2675
4516
11372
3026
5025
6226
15175
11643
7522
12201
6378
8966
11051
5661
5984
6377
13452
2432
6017
6687
7461
5766
14606
3343
2972
10351
10516
2490
4085
13769
9951
4586
11358
952
14020
7572
9765
3838
6752
11882
6592
7363
12484
7927
10298
11271
6454
6141
6738
10347
11783
4323
14822
4435
12248
6130
5636
14996
9738
9556
1794
7229
2403
14505
6289
12842
3050
2719
7322
7454
6137
12346
9627
12467
14100
10357
12818
11589
13325
11225
11188
11706
12986
7539
502
2890
10902
1388
1594
15102
13232
11047
3658
6240
3726
6932
4683
1028
13479
6921
2828
11349
8180
15368
2749
2974
10899
7164
13575
5184
4444
10073
2487
5131
14492
96
843
6776
1847
11150
3096
14077
13754
8590
10489
12025
2619
14752
8464
12541
7779
5803
6722
13718
3255
13944
5508
7797
4850
1228
8361
5027
680
7684
309
13510
14999
1028
1962
12857
11295
13093
10650
13934
13336
3952
1954
1880
11322
9042
11834
5221
3145
4695
10446
2200
8109
10785
3302
5840
13828
2577
14391
14565
10540
913
8204
6334
7981
12064
3863
9171
5567
6233
8617
498
764
12220
11914
2280
3396
1611
5904
11706
14048
2491
3913
4200
1144
8405
13988
1417
15150
12402
6162
4242
12610
6857
2568
14407
14186
12994
6432
9162
1954
11457
3021
7045
9312
1770
8212
13865
14003
2577
6320
10940
11552
6584
12210
13474
12327
2975
1050
4741
9270
9533
13691
3685
4593
10395
12518
6704
10862
5631
3266
11185
663
11043
5180
11168
6551
13769
13984
2469
2788
2765