[[0.00588235]
 [0.00617647]
 [0.00679412]
 [0.00747353]
 [0.00617647]
 [0.00617647]
 [0.01029412]
 [0.00946647]
 [0.00685588]
 [0.00656176]
 [0.01029412]
 [0.00617647]
 [0.00816941]
 [0.00946647]
 [0.00588235]
 [0.00588235]
 [0.01576471]
 [0.00679412]
 [0.00588235]
 [0.00679412]
 [0.00588235]
 [0.00679412]
 [0.00588235]
 [0.00588235]
 [0.00588235]
 [0.00839216]
 [0.00588235]
 [0.00907157]
 [0.00656176]
 [0.00917647]
 [0.00832824]
 [0.01708353]
 [0.03493118]
 [0.092692  ]]